Phone timestamp;sensor timestamp [ns];X [mg];Y [mg];Z [mg]
2021-11-16T22:11:00.720;538359019632351352;-638;738;105
2021-11-16T22:11:00.739;538359019651963728;-631;660;30
2021-11-16T22:11:00.759;538359019671576104;-648;706;46
2021-11-16T22:11:00.778;538359019691188480;-626;705;-61
2021-11-16T22:11:00.798;538359019710800856;-702;663;83
2021-11-16T22:11:00.818;538359019730413232;-606;724;83
2021-11-16T22:11:00.837;538359019750025608;-621;687;101
2021-11-16T22:11:00.857;538359019769637984;-653;722;149
2021-11-16T22:11:00.876;538359019789250360;-754;651;118
2021-11-16T22:11:00.896;538359019808862736;-714;682;27
2021-11-16T22:11:00.916;538359019828475112;-658;677;-40
2021-11-16T22:11:00.935;538359019848087488;-621;725;6
2021-11-16T22:11:00.955;538359019867699864;-517;802;-18
2021-11-16T22:11:00.974;538359019887312240;-339;909;34
2021-11-16T22:11:00.994;538359019906924616;-340;976;180
2021-11-16T22:11:01.014;538359019926536992;-522;875;106
2021-11-16T22:11:01.033;538359019946149368;-477;898;-10
2021-11-16T22:11:01.053;538359019965761744;-367;1000;112
2021-11-16T22:11:01.073;538359019985374120;-407;1082;157
2021-11-16T22:11:01.092;538359020004986496;-551;1028;12
2021-11-16T22:11:01.112;538359020024598872;-748;919;323
2021-11-16T22:11:01.131;538359020044211248;-818;754;659
2021-11-16T22:11:01.151;538359020063823624;-764;557;747
2021-11-16T22:11:01.171;538359020083436000;-645;371;672
2021-11-16T22:11:01.190;538359020103048376;-546;226;574
2021-11-16T22:11:01.210;538359020122660752;-512;88;532
2021-11-16T22:11:01.229;538359020142273128;-535;-25;468
2021-11-16T22:11:01.249;538359020161885504;-2773;-117;-869
2021-11-16T22:11:01.269;538359020181497880;-760;321;-283
2021-11-16T22:11:01.288;538359020201110256;-966;62;-97
2021-11-16T22:11:01.308;538359020220722632;-1353;315;-671
2021-11-16T22:11:01.327;538359020240335008;-993;512;-435
2021-11-16T22:11:01.347;538359020259947384;-938;589;-297
2021-11-16T22:11:01.367;538359020279559760;-759;684;-335
2021-11-16T22:11:01.386;538359020299172136;-687;675;-131
2021-11-16T22:11:01.406;538359020318784512;-596;793;39
2021-11-16T22:11:01.426;538359020338396892;-461;826;167
2021-11-16T22:11:01.445;538359020358009268;-545;842;50
2021-11-16T22:11:01.465;538359020377621644;-520;905;51
2021-11-16T22:11:01.484;538359020397234020;-466;840;114
2021-11-16T22:11:01.504;538359020416846396;-494;871;170
2021-11-16T22:11:01.524;538359020436458772;-440;933;279
2021-11-16T22:11:01.543;538359020456071148;-399;975;210
2021-11-16T22:11:01.563;538359020475683524;-426;1030;212
2021-11-16T22:11:01.582;538359020495295900;-370;976;6
2021-11-16T22:11:01.602;538359020514908276;-329;920;148
2021-11-16T22:11:01.622;538359020534520652;-386;840;217
2021-11-16T22:11:01.641;538359020554133028;-376;854;413
2021-11-16T22:11:01.661;538359020573745404;-417;808;506
2021-11-16T22:11:01.681;538359020593357780;-425;801;509
2021-11-16T22:11:01.700;538359020612970156;-323;834;431
2021-11-16T22:11:01.720;538359020632582532;-265;861;365
2021-11-16T22:11:01.739;538359020652194908;-229;888;369
2021-11-16T22:11:01.759;538359020671807284;-278;857;569
2021-11-16T22:11:01.779;538359020691419660;-309;849;653
2021-11-16T22:11:01.798;538359020711032036;-301;839;622
2021-11-16T22:11:01.818;538359020730644412;-249;813;475
2021-11-16T22:11:01.837;538359020750256788;-166;822;315
2021-11-16T22:11:01.857;538359020769869164;-14;696;522
2021-11-16T22:11:01.877;538359020789481540;-197;899;367
2021-11-16T22:11:01.896;538359020809093916;-307;908;617
2021-11-16T22:11:01.916;538359020828706292;-373;926;550
2021-11-16T22:11:01.935;538359020848318668;-369;988;193
2021-11-16T22:11:01.955;538359020867931044;-411;1042;73
2021-11-16T22:11:01.975;538359020887543420;-479;1057;85
2021-11-16T22:11:01.994;538359020907155796;-563;1071;254
2021-11-16T22:11:02.014;538359020926768172;-667;1070;427
2021-11-16T22:11:02.034;538359020946380548;-793;1088;562
2021-11-16T22:11:02.053;538359020965992924;-868;1061;446
2021-11-16T22:11:02.073;538359020985605300;-886;1017;320
2021-11-16T22:11:02.092;538359021005217676;-849;761;246
2021-11-16T22:11:02.112;538359021024830052;-803;572;459
2021-11-16T22:11:02.131;538359021044249310;-483;239;284
2021-11-16T22:11:02.151;538359021063668536;-466;79;237
2021-11-16T22:11:02.170;538359021083087762;-490;38;334
2021-11-16T22:11:02.190;538359021102506988;-459;68;437
2021-11-16T22:11:02.209;538359021121926214;-431;156;405
2021-11-16T22:11:02.228;538359021141345440;-461;275;419
2021-11-16T22:11:02.248;538359021160764666;-516;413;498
2021-11-16T22:11:02.267;538359021180183892;-571;483;515
2021-11-16T22:11:02.287;538359021199603118;-601;534;463
2021-11-16T22:11:02.306;538359021219022344;-564;608;285
2021-11-16T22:11:02.326;538359021238441570;-529;670;221
2021-11-16T22:11:02.345;538359021257860796;-506;726;239
2021-11-16T22:11:02.364;538359021277280022;-504;739;354
2021-11-16T22:11:02.384;538359021296699248;-503;752;423
2021-11-16T22:11:02.403;538359021316118474;-500;745;446
2021-11-16T22:11:02.423;538359021335537700;-514;741;487
2021-11-16T22:11:02.442;538359021354956926;-545;748;524
2021-11-16T22:11:02.462;538359021374376152;-535;749;480
2021-11-16T22:11:02.481;538359021393795378;-525;754;439
2021-11-16T22:11:02.500;538359021413214604;-528;758;449
2021-11-16T22:11:02.520;538359021432633830;-549;754;478
2021-11-16T22:11:02.539;538359021452053056;-561;757;469
2021-11-16T22:11:02.559;538359021471472282;-545;774;384
2021-11-16T22:11:02.578;538359021490891508;-1456;604;562
2021-11-16T22:11:02.597;538359021510310734;-688;904;360
2021-11-16T22:11:02.617;538359021529729960;-479;656;152
2021-11-16T22:11:02.636;538359021549149186;-452;692;359
2021-11-16T22:11:02.656;538359021568568412;-438;694;287
2021-11-16T22:11:02.675;538359021587987638;-335;671;-284
2021-11-16T22:11:02.695;538359021607406864;-407;680;427
2021-11-16T22:11:02.714;538359021626826090;-1319;763;559
2021-11-16T22:11:02.733;538359021646245316;-380;752;43
2021-11-16T22:11:02.753;538359021665664542;-719;686;214
2021-11-16T22:11:02.772;538359021685083768;-496;752;86
2021-11-16T22:11:02.792;538359021704502994;-627;716;232
2021-11-16T22:11:02.811;538359021723922220;-582;755;219
2021-11-16T22:11:02.831;538359021743439759;-584;714;388
2021-11-16T22:11:02.850;538359021762957290;-533;760;237
2021-11-16T22:11:02.870;538359021782474821;-522;790;84
2021-11-16T22:11:02.889;538359021801992352;-447;818;114
2021-11-16T22:11:02.909;538359021821509883;-435;821;261
2021-11-16T22:11:02.928;538359021841027414;-462;771;362
2021-11-16T22:11:02.948;538359021860544945;-478;731;395
2021-11-16T22:11:02.967;538359021880062476;-480;719;377
2021-11-16T22:11:02.987;538359021899580007;-499;711;407
2021-11-16T22:11:03.006;538359021919097538;-478;720;412
2021-11-16T22:11:03.026;538359021938615069;-469;718;382
2021-11-16T22:11:03.045;538359021958132600;-451;730;408
2021-11-16T22:11:03.065;538359021977650131;-491;712;429
2021-11-16T22:11:03.084;538359021997167662;-480;725;420
2021-11-16T22:11:03.104;538359022016685193;-456;740;394
2021-11-16T22:11:03.123;538359022036202724;-480;728;394
2021-11-16T22:11:03.143;538359022055720255;-484;693;390
2021-11-16T22:11:03.162;538359022075237786;-538;705;441
2021-11-16T22:11:03.182;538359022094755317;-509;678;443
2021-11-16T22:11:03.201;538359022114272848;-499;698;421
2021-11-16T22:11:03.221;538359022133790379;-388;742;342
2021-11-16T22:11:03.240;538359022153307910;-308;797;314
2021-11-16T22:11:03.260;538359022172825441;-293;854;385
2021-11-16T22:11:03.279;538359022192342972;-331;848;482
2021-11-16T22:11:03.299;538359022211860503;-377;830;549
2021-11-16T22:11:03.319;538359022231378034;-270;866;475
2021-11-16T22:11:03.338;538359022250895565;-250;864;433
2021-11-16T22:11:03.358;538359022270413096;-221;865;422
2021-11-16T22:11:03.377;538359022289930627;-270;827;550
2021-11-16T22:11:03.397;538359022309448158;-222;773;545
2021-11-16T22:11:03.416;538359022328965689;-180;706;573
2021-11-16T22:11:03.436;538359022348483220;-182;660;603
2021-11-16T22:11:03.455;538359022368000751;-226;584;619
2021-11-16T22:11:03.475;538359022387518282;-375;535;656
2021-11-16T22:11:03.494;538359022407035813;-508;481;671
2021-11-16T22:11:03.514;538359022426553344;-632;465;648
2021-11-16T22:11:03.533;538359022446076348;-683;477;576
2021-11-16T22:11:03.553;538359022465599340;-740;471;517
2021-11-16T22:11:03.572;538359022485122332;-843;493;422
2021-11-16T22:11:03.592;538359022504645324;-847;499;249
2021-11-16T22:11:03.611;538359022524168316;-823;570;70
2021-11-16T22:11:03.631;538359022543691308;-813;658;-15
2021-11-16T22:11:03.650;538359022563214300;-849;677;48
2021-11-16T22:11:03.670;538359022582737292;-826;655;81
2021-11-16T22:11:03.689;538359022602260284;-894;609;21
2021-11-16T22:11:03.709;538359022621783276;-827;619;59
2021-11-16T22:11:03.728;538359022641306268;-816;608;111
2021-11-16T22:11:03.748;538359022660829260;-859;586;120
2021-11-16T22:11:03.768;538359022680352252;-895;553;144
2021-11-16T22:11:03.787;538359022699875244;-922;532;55
2021-11-16T22:11:03.807;538359022719398236;-924;531;-34
2021-11-16T22:11:03.826;538359022738921228;-765;621;-101
2021-11-16T22:11:03.846;538359022758444220;-759;672;64
2021-11-16T22:11:03.865;538359022777967212;-829;646;303
2021-11-16T22:11:03.885;538359022797490204;-865;644;270
2021-11-16T22:11:03.904;538359022817013196;-772;612;14
2021-11-16T22:11:03.924;538359022836536188;-768;590;-79
2021-11-16T22:11:03.943;538359022856059180;-779;653;57
2021-11-16T22:11:03.963;538359022875582172;-833;607;259
2021-11-16T22:11:03.982;538359022895105164;-823;650;175
2021-11-16T22:11:04.002;538359022914628156;-597;724;-315
2021-11-16T22:11:04.021;538359022934151148;-465;854;-219
2021-11-16T22:11:04.041;538359022953674140;-497;866;6
2021-11-16T22:11:04.060;538359022973197132;-572;844;74
2021-11-16T22:11:04.080;538359022992720124;-533;880;-164
2021-11-16T22:11:04.099;538359023012243116;-489;854;-261
2021-11-16T22:11:04.119;538359023031766108;-487;892;-340
2021-11-16T22:11:04.138;538359023051289100;-537;887;-175
2021-11-16T22:11:04.158;538359023070812092;-503;906;-60
2021-11-16T22:11:04.177;538359023090335084;-476;906;-149
2021-11-16T22:11:04.197;538359023109858076;-493;887;-151
2021-11-16T22:11:04.217;538359023129381068;-565;846;-65
2021-11-16T22:11:04.236;538359023148894809;-524;847;-102
2021-11-16T22:11:04.256;538359023168408516;-549;866;-140
2021-11-16T22:11:04.275;538359023187922223;-463;915;-143
2021-11-16T22:11:04.295;538359023207435930;-485;996;-256
2021-11-16T22:11:04.314;538359023226949637;-623;1050;186
2021-11-16T22:11:04.334;538359023246463344;-655;1637;-292
2021-11-16T22:11:04.353;538359023265977051;-982;1746;-441
2021-11-16T22:11:04.373;538359023285490758;-1024;1680;-479
2021-11-16T22:11:04.392;538359023305004465;-1061;1539;-834
2021-11-16T22:11:04.412;538359023324518172;-957;1167;-400
2021-11-16T22:11:04.431;538359023344031879;-771;654;-799
2021-11-16T22:11:04.451;538359023363545586;-519;188;-788
2021-11-16T22:11:04.470;538359023383059293;-230;-112;-721
2021-11-16T22:11:04.490;538359023402573000;-120;-179;-466
2021-11-16T22:11:04.509;538359023422086707;-326;-219;-5
2021-11-16T22:11:04.529;538359023441600414;-552;-157;863
2021-11-16T22:11:04.548;538359023461114121;-140;-2;717
2021-11-16T22:11:04.568;538359023480627828;-236;17;1199
2021-11-16T22:11:04.587;538359023500141535;-265;683;1104
2021-11-16T22:11:04.607;538359023519655242;-195;1134;41
2021-11-16T22:11:04.626;538359023539168949;-458;1166;364
2021-11-16T22:11:04.646;538359023558682656;-809;1138;453
2021-11-16T22:11:04.665;538359023578196363;-828;1157;169
2021-11-16T22:11:04.685;538359023597710070;-736;1047;198
2021-11-16T22:11:04.704;538359023617223777;-510;927;231
2021-11-16T22:11:04.724;538359023636737484;-399;868;165
2021-11-16T22:11:04.743;538359023656251191;-317;895;67
2021-11-16T22:11:04.763;538359023675764898;-325;973;-170
2021-11-16T22:11:04.782;538359023695278605;-467;977;-155
2021-11-16T22:11:04.802;538359023714792312;-611;930;88
2021-11-16T22:11:04.821;538359023734306019;-674;767;399
2021-11-16T22:11:04.841;538359023753819726;-755;709;530
2021-11-16T22:11:04.860;538359023773333433;-780;674;646
2021-11-16T22:11:04.880;538359023792847140;-472;767;553
2021-11-16T22:11:04.900;538359023812360847;-881;772;356
2021-11-16T22:11:04.919;538359023831874554;-1719;960;223
2021-11-16T22:11:04.939;538359023851384081;-1087;958;631
2021-11-16T22:11:04.958;538359023870893602;-732;1091;1094
2021-11-16T22:11:04.978;538359023890403123;-908;1166;1309
2021-11-16T22:11:04.997;538359023909912644;-708;1309;1738
2021-11-16T22:11:05.017;538359023929422165;-542;1438;1950
2021-11-16T22:11:05.036;538359023948931686;-336;1538;2030
2021-11-16T22:11:05.056;538359023968441207;-263;1648;1904
2021-11-16T22:11:05.075;538359023987950728;-259;1846;2218
2021-11-16T22:11:05.095;538359024007460249;-1487;1575;628
2021-11-16T22:11:05.114;538359024026969770;-417;1497;871
2021-11-16T22:11:05.134;538359024046479291;-521;1546;1198
2021-11-16T22:11:05.153;538359024065988812;-638;1761;1882
2021-11-16T22:11:05.173;538359024085498333;-605;2025;2894
2021-11-16T22:11:05.192;538359024105007854;-900;3104;3557
2021-11-16T22:11:05.212;538359024124517375;-2784;3427;4643
2021-11-16T22:11:05.231;538359024144026896;-1825;5260;7097
2021-11-16T22:11:05.251;538359024163536417;6760;7811;5168
2021-11-16T22:11:05.270;538359024183045938;6534;7988;-767
2021-11-16T22:11:05.290;538359024202555459;1883;7988;-7646
2021-11-16T22:11:05.309;538359024222064980;5285;7988;-8000
2021-11-16T22:11:05.329;538359024241574501;7771;7461;-8000
2021-11-16T22:11:05.348;538359024261084022;7930;4771;-7821
2021-11-16T22:11:05.368;538359024280593543;6526;3125;-3700
2021-11-16T22:11:05.387;538359024300103064;6577;1576;-164
2021-11-16T22:11:05.407;538359024319612585;7179;1493;663
2021-11-16T22:11:05.426;538359024339122106;5167;1169;952
2021-11-16T22:11:05.446;538359024358631627;2472;1114;460
2021-11-16T22:11:05.465;538359024378141148;529;1094;-2
2021-11-16T22:11:05.485;538359024397650669;-411;1174;-592
2021-11-16T22:11:05.504;538359024417160190;-567;1265;-703
2021-11-16T22:11:05.524;538359024436669711;-411;1288;-85
2021-11-16T22:11:05.543;538359024456179232;-681;1132;654
2021-11-16T22:11:05.563;538359024475688753;-1013;976;1125
2021-11-16T22:11:05.582;538359024495198274;-1219;971;1435
2021-11-16T22:11:05.602;538359024514707795;-1002;952;1584
2021-11-16T22:11:05.621;538359024534217316;-569;954;1472
2021-11-16T22:11:05.641;538359024553722470;-453;937;1740
2021-11-16T22:11:05.660;538359024573227622;-540;769;1850
2021-11-16T22:11:05.680;538359024592732774;-640;750;1605
2021-11-16T22:11:05.699;538359024612237926;-566;894;1357
2021-11-16T22:11:05.719;538359024631743078;-512;1039;1046
2021-11-16T22:11:05.738;538359024651248230;-387;1024;1067
2021-11-16T22:11:05.758;538359024670753382;-223;1141;834
2021-11-16T22:11:05.777;538359024690258534;-132;1260;480
2021-11-16T22:11:05.797;538359024709763686;-363;1368;28
2021-11-16T22:11:05.816;538359024729268838;-909;1348;-432
2021-11-16T22:11:05.836;538359024748773990;-1264;1420;-1171
2021-11-16T22:11:05.855;538359024768279142;-1181;1268;-1283
2021-11-16T22:11:05.875;538359024787784294;-1012;1095;-1496
2021-11-16T22:11:05.894;538359024807289446;-863;1002;-1607
2021-11-16T22:11:05.914;538359024826794598;-792;947;-1631
2021-11-16T22:11:05.933;538359024846299750;-891;832;-1617
2021-11-16T22:11:05.953;538359024865804902;-933;721;-1338
2021-11-16T22:11:05.972;538359024885310054;-880;592;-1063
2021-11-16T22:11:05.992;538359024904815206;-798;498;-1035
2021-11-16T22:11:06.011;538359024924320358;-796;421;-906
2021-11-16T22:11:06.031;538359024943825510;-832;383;-736
2021-11-16T22:11:06.050;538359024963330662;-869;387;-559
2021-11-16T22:11:06.070;538359024982835814;-820;443;-396
2021-11-16T22:11:06.089;538359025002340966;-736;487;-330
2021-11-16T22:11:06.109;538359025021846118;-599;482;-286
2021-11-16T22:11:06.128;538359025041351270;-614;500;-85
2021-11-16T22:11:06.148;538359025060856422;-727;545;96
2021-11-16T22:11:06.168;538359025080361574;-812;575;223
2021-11-16T22:11:06.187;538359025099866726;-747;750;110
2021-11-16T22:11:06.207;538359025119371878;-618;552;-89
2021-11-16T22:11:06.226;538359025138877030;-484;832;-160
2021-11-16T22:11:06.246;538359025158382182;-491;761;-230
2021-11-16T22:11:06.265;538359025177887334;-577;541;-245
2021-11-16T22:11:06.285;538359025197392486;-712;509;-181
2021-11-16T22:11:06.304;538359025216897638;-885;474;-22
2021-11-16T22:11:06.324;538359025236402790;-1049;500;-18
2021-11-16T22:11:06.343;538359025255911798;-1136;553;-46
2021-11-16T22:11:06.363;538359025275420772;-1096;603;-174
2021-11-16T22:11:06.382;538359025294929746;-1000;665;-459
2021-11-16T22:11:06.402;538359025314438720;-944;694;-619
2021-11-16T22:11:06.421;538359025333947694;-900;624;-510
2021-11-16T22:11:06.441;538359025353456668;-851;549;-168
2021-11-16T22:11:06.460;538359025372965642;-792;513;-14
2021-11-16T22:11:06.480;538359025392474616;-713;500;-182
2021-11-16T22:11:06.499;538359025411983590;-629;498;-347
2021-11-16T22:11:06.519;538359025431492564;-600;515;-394
2021-11-16T22:11:06.538;538359025451001538;-659;549;-259
2021-11-16T22:11:06.558;538359025470510512;-749;595;-73
2021-11-16T22:11:06.577;538359025490019486;-779;690;15
2021-11-16T22:11:06.597;538359025509528460;-762;753;-92
2021-11-16T22:11:06.616;538359025529037434;-696;751;-154
2021-11-16T22:11:06.636;538359025548546408;-652;726;-86
2021-11-16T22:11:06.655;538359025568055382;-675;733;48
2021-11-16T22:11:06.675;538359025587564356;-712;766;184
2021-11-16T22:11:06.694;538359025607073330;-722;770;200
2021-11-16T22:11:06.714;538359025626582304;-712;751;51
2021-11-16T22:11:06.733;538359025646091278;-720;729;-31
2021-11-16T22:11:06.753;538359025665600252;-755;663;15
2021-11-16T22:11:06.772;538359025685109226;-784;685;158
2021-11-16T22:11:06.792;538359025704618200;-776;744;216
2021-11-16T22:11:06.811;538359025724127174;-703;783;133
2021-11-16T22:11:06.831;538359025743636148;-623;820;65
2021-11-16T22:11:06.850;538359025763145122;-583;838;108
2021-11-16T22:11:06.870;538359025782654096;-580;768;246
2021-11-16T22:11:06.889;538359025802163070;-607;682;308
2021-11-16T22:11:06.909;538359025821672044;-625;678;198
2021-11-16T22:11:06.928;538359025841181018;-611;782;69
2021-11-16T22:11:06.948;538359025860689992;-564;797;81
2021-11-16T22:11:06.967;538359025880198966;-546;758;105
2021-11-16T22:11:06.987;538359025899707940;-577;710;80
2021-11-16T22:11:07.006;538359025919216914;-630;660;171
2021-11-16T22:11:07.026;538359025938725888;-667;700;197
2021-11-16T22:11:07.045;538359025958233058;-654;706;136
2021-11-16T22:11:07.065;538359025977740212;-119;778;753
2021-11-16T22:11:07.084;538359025997247366;-1254;578;327
2021-11-16T22:11:07.104;538359026016754520;-667;711;225
2021-11-16T22:11:07.123;538359026036261674;-662;705;62
2021-11-16T22:11:07.143;538359026055768828;-658;789;-70
2021-11-16T22:11:07.162;538359026075275982;-674;837;76
2021-11-16T22:11:07.182;538359026094783136;-615;864;-73
2021-11-16T22:11:07.201;538359026114290290;-766;813;370
2021-11-16T22:11:07.221;538359026133797444;-711;796;190
2021-11-16T22:11:07.240;538359026153304598;-673;835;-169
2021-11-16T22:11:07.260;538359026172811752;-652;925;-340
2021-11-16T22:11:07.279;538359026192318906;-668;1016;-89
2021-11-16T22:11:07.299;538359026211826060;-759;1088;-131
2021-11-16T22:11:07.318;538359026231333214;-770;1157;-3
2021-11-16T22:11:07.338;538359026250840368;-673;1298;-167
2021-11-16T22:11:07.357;538359026270347522;-705;1228;-49
2021-11-16T22:11:07.377;538359026289854676;-697;1076;-152
2021-11-16T22:11:07.397;538359026309361830;-670;974;-208
2021-11-16T22:11:07.416;538359026328868984;-772;820;-32
2021-11-16T22:11:07.436;538359026348376138;-738;686;-183
2021-11-16T22:11:07.455;538359026367883292;-657;533;-344
2021-11-16T22:11:07.475;538359026387390446;-520;419;-390
2021-11-16T22:11:07.494;538359026406897600;-433;295;-194
2021-11-16T22:11:07.514;538359026426404754;-271;281;-80
2021-11-16T22:11:07.533;538359026445911908;-202;165;-29
2021-11-16T22:11:07.553;538359026465419062;-253;73;296
2021-11-16T22:11:07.572;538359026484926216;-174;209;809
2021-11-16T22:11:07.592;538359026504433370;66;458;584
2021-11-16T22:11:07.611;538359026523940524;140;548;-196
2021-11-16T22:11:07.631;538359026543447678;163;816;-374
2021-11-16T22:11:07.650;538359026562954832;-185;873;591
2021-11-16T22:11:07.670;538359026582461986;-484;865;770
2021-11-16T22:11:07.689;538359026601969140;-603;946;383
2021-11-16T22:11:07.709;538359026621476294;-802;964;-73
2021-11-16T22:11:07.728;538359026640983448;-750;922;135
2021-11-16T22:11:07.748;538359026660495725;-618;865;424
2021-11-16T22:11:07.767;538359026680007976;-871;900;326
2021-11-16T22:11:07.787;538359026699520227;-895;1227;-42
2021-11-16T22:11:07.806;538359026719032478;-3159;716;193
2021-11-16T22:11:07.826;538359026738544729;-225;1024;-636
2021-11-16T22:11:07.845;538359026758056980;-386;889;307
2021-11-16T22:11:07.865;538359026777569231;-430;926;211
2021-11-16T22:11:07.884;538359026797081482;-53;616;-45
2021-11-16T22:11:07.904;538359026816593733;-83;737;249
2021-11-16T22:11:07.923;538359026836105984;-1432;897;246
2021-11-16T22:11:07.943;538359026855618235;-463;790;-231
2021-11-16T22:11:07.962;538359026875130486;-231;915;-162
2021-11-16T22:11:07.982;538359026894642737;-578;837;143
2021-11-16T22:11:08.001;538359026914154988;-513;793;88
2021-11-16T22:11:08.021;538359026933667239;-628;767;301
2021-11-16T22:11:08.040;538359026953179490;-583;730;315
2021-11-16T22:11:08.060;538359026972691741;-645;723;181
2021-11-16T22:11:08.079;538359026992203992;-726;705;221
2021-11-16T22:11:08.099;538359027011716243;-670;768;329
2021-11-16T22:11:08.118;538359027031228494;-584;840;450
2021-11-16T22:11:08.138;538359027050740745;-738;935;734
2021-11-16T22:11:08.157;538359027070252996;-676;1025;885
2021-11-16T22:11:08.177;538359027089765247;-719;1089;1113
2021-11-16T22:11:08.196;538359027109277498;-800;1212;1321
2021-11-16T22:11:08.216;538359027128789749;-797;1331;1494
2021-11-16T22:11:08.235;538359027148302000;-937;1469;1544
2021-11-16T22:11:08.255;538359027167814251;-857;1594;1671
2021-11-16T22:11:08.274;538359027187326502;-999;1520;1901
2021-11-16T22:11:08.294;538359027206838753;-1271;1369;1658
2021-11-16T22:11:08.313;538359027226351004;-888;1335;449
2021-11-16T22:11:08.333;538359027245863255;-752;1345;985
2021-11-16T22:11:08.353;538359027265375506;-678;1403;1305
2021-11-16T22:11:08.372;538359027284887757;27;3159;2360
2021-11-16T22:11:08.392;538359027304400008;-2058;4567;4168
2021-11-16T22:11:08.411;538359027323912259;-1894;4780;6228
2021-11-16T22:11:08.431;538359027343424510;5770;7798;4060
2021-11-16T22:11:08.450;538359027362935137;7848;7988;386
2021-11-16T22:11:08.470;538359027382445750;-4977;7988;-3330
2021-11-16T22:11:08.489;538359027401956363;-5378;7988;-8000
2021-11-16T22:11:08.509;538359027421466976;-662;7988;-8000
2021-11-16T22:11:08.528;538359027440977589;3798;6940;-8000
2021-11-16T22:11:08.548;538359027460488202;5003;4902;-6734
2021-11-16T22:11:08.567;538359027479998815;4761;3166;-1979
2021-11-16T22:11:08.587;538359027499509428;6059;1717;1073
2021-11-16T22:11:08.606;538359027519020041;4911;874;1882
2021-11-16T22:11:08.626;538359027538530654;3108;534;1490
2021-11-16T22:11:08.645;538359027558041267;1494;708;837
2021-11-16T22:11:08.665;538359027577551880;281;842;560
2021-11-16T22:11:08.684;538359027597062493;-439;893;154
2021-11-16T22:11:08.704;538359027616573106;-363;881;57
2021-11-16T22:11:08.723;538359027636083719;-960;964;32
2021-11-16T22:11:08.743;538359027655594332;-842;1152;-125
2021-11-16T22:11:08.762;538359027675104945;-1575;875;125
2021-11-16T22:11:08.782;538359027694615558;-1021;780;313
2021-11-16T22:11:08.801;538359027714126171;-741;527;441
2021-11-16T22:11:08.821;538359027733636784;-740;657;717
2021-11-16T22:11:08.840;538359027753147397;-647;771;855
2021-11-16T22:11:08.860;538359027772658010;-422;488;956
2021-11-16T22:11:08.879;538359027792168623;-458;376;958
2021-11-16T22:11:08.899;538359027811679236;-701;704;807
2021-11-16T22:11:08.918;538359027831189849;-1010;919;711
2021-11-16T22:11:08.938;538359027850700462;-1236;851;619
2021-11-16T22:11:08.957;538359027870211075;-1283;670;599
2021-11-16T22:11:08.977;538359027889721688;-1394;693;397
2021-11-16T22:11:08.996;538359027909232301;-1528;807;186
2021-11-16T22:11:09.016;538359027928742914;-1589;850;115
2021-11-16T22:11:09.035;538359027948253527;-1476;770;220
2021-11-16T22:11:09.055;538359027967764140;-1284;604;292
2021-11-16T22:11:09.074;538359027987274753;-1198;466;196
2021-11-16T22:11:09.094;538359028006785366;-1197;501;49
2021-11-16T22:11:09.113;538359028026295979;-1090;524;93
2021-11-16T22:11:09.133;538359028045806592;-985;504;88
2021-11-16T22:11:09.152;538359028065321313;-861;466;29
2021-11-16T22:11:09.172;538359028084836022;-786;364;14
2021-11-16T22:11:09.191;538359028104350731;-721;401;34
2021-11-16T22:11:09.211;538359028123865440;-668;561;-13
2021-11-16T22:11:09.231;538359028143380149;-642;686;-16
2021-11-16T22:11:09.250;538359028162894858;-640;739;-51
2021-11-16T22:11:09.270;538359028182409567;-582;801;-115
2021-11-16T22:11:09.289;538359028201924276;-565;998;-331
2021-11-16T22:11:09.309;538359028221438985;-572;978;-562
2021-11-16T22:11:09.328;538359028240953694;-616;959;-536
2021-11-16T22:11:09.348;538359028260468403;-630;981;-202
2021-11-16T22:11:09.367;538359028279983112;-626;921;107
2021-11-16T22:11:09.387;538359028299497821;-648;728;396
2021-11-16T22:11:09.406;538359028319012530;-733;743;258
2021-11-16T22:11:09.426;538359028338527239;-834;832;11
2021-11-16T22:11:09.445;538359028358041948;-899;822;-194
2021-11-16T22:11:09.465;538359028377556657;-874;642;-252
2021-11-16T22:11:09.484;538359028397071366;-872;731;-225
2021-11-16T22:11:09.504;538359028416586075;-874;920;-195
2021-11-16T22:11:09.523;538359028436100784;-861;739;-225
2021-11-16T22:11:09.543;538359028455615493;-794;721;-311
2021-11-16T22:11:09.562;538359028475130202;-638;561;-453
2021-11-16T22:11:09.582;538359028494644911;-503;508;-560
2021-11-16T22:11:09.601;538359028514159620;-434;593;-552
2021-11-16T22:11:09.621;538359028533674329;-386;675;-501
2021-11-16T22:11:09.640;538359028553189038;-290;710;-532
2021-11-16T22:11:09.660;538359028572703747;-189;666;-527
2021-11-16T22:11:09.679;538359028592218456;-306;788;-337
2021-11-16T22:11:09.699;538359028611733165;-214;860;-1147
2021-11-16T22:11:09.718;538359028631247874;59;947;-1219
2021-11-16T22:11:09.738;538359028650762583;97;940;-984
2021-11-16T22:11:09.757;538359028670277292;214;985;-680
2021-11-16T22:11:09.777;538359028689792001;285;1041;-369
2021-11-16T22:11:09.796;538359028709306710;392;1021;-334
2021-11-16T22:11:09.816;538359028728821419;378;1122;-584
2021-11-16T22:11:09.835;538359028748336128;712;1228;-1071
2021-11-16T22:11:09.855;538359028767855308;746;1253;-1362
2021-11-16T22:11:09.875;538359028787374477;944;1236;-1258
2021-11-16T22:11:09.894;538359028806893646;950;1158;-702
2021-11-16T22:11:09.914;538359028826412815;943;929;259
2021-11-16T22:11:09.933;538359028845931984;969;748;711
2021-11-16T22:11:09.953;538359028865451153;1031;740;545
2021-11-16T22:11:09.972;538359028884970322;1141;766;491
2021-11-16T22:11:09.992;538359028904489491;1292;669;585
2021-11-16T22:11:10.011;538359028924008660;1130;812;446
2021-11-16T22:11:10.031;538359028943527829;1079;747;17
2021-11-16T22:11:10.050;538359028963046998;970;1214;-699
2021-11-16T22:11:10.070;538359028982566167;1218;1271;163
2021-11-16T22:11:10.089;538359029002085336;708;1391;498
2021-11-16T22:11:10.109;538359029021604505;554;1492;480
2021-11-16T22:11:10.128;538359029041123674;768;1425;387
2021-11-16T22:11:10.148;538359029060642843;706;1353;345
2021-11-16T22:11:10.167;538359029080162012;478;1303;715
2021-11-16T22:11:10.187;538359029099681181;-119;1315;599
2021-11-16T22:11:10.206;538359029119200350;120;1010;127
2021-11-16T22:11:10.226;538359029138719519;-192;1005;395
2021-11-16T22:11:10.245;538359029158238688;-641;897;258
2021-11-16T22:11:10.265;538359029177757857;-1030;830;224
2021-11-16T22:11:10.284;538359029197277026;-1675;567;252
2021-11-16T22:11:10.304;538359029216796195;-1897;836;247
2021-11-16T22:11:10.323;538359029236315364;-1827;784;304
2021-11-16T22:11:10.343;538359029255834533;-1387;1067;260
2021-11-16T22:11:10.363;538359029275353702;-1189;1022;160
2021-11-16T22:11:10.382;538359029294872871;-1188;994;189
2021-11-16T22:11:10.402;538359029314392040;-1157;963;124
2021-11-16T22:11:10.421;538359029333911209;-1038;798;94
2021-11-16T22:11:10.441;538359029353430378;-948;828;41
2021-11-16T22:11:10.460;538359029372949547;-869;859;64
2021-11-16T22:11:10.480;538359029392468716;-673;845;107
2021-11-16T22:11:10.499;538359029411987885;-740;777;79
2021-11-16T22:11:10.519;538359029431507054;-630;740;-93
2021-11-16T22:11:10.538;538359029451026223;-594;732;-206
2021-11-16T22:11:10.558;538359029470546420;-589;728;-267
2021-11-16T22:11:10.577;538359029490066590;-616;807;-353
2021-11-16T22:11:10.597;538359029509586760;-508;753;-461
2021-11-16T22:11:10.616;538359029529106930;-652;770;-401
2021-11-16T22:11:10.636;538359029548627100;-648;789;-441
2021-11-16T22:11:10.655;538359029568147270;-582;894;-435
2021-11-16T22:11:10.675;538359029587667440;-519;944;-452
2021-11-16T22:11:10.694;538359029607187610;-511;947;-390
2021-11-16T22:11:10.714;538359029626707780;-403;1111;-401
2021-11-16T22:11:10.733;538359029646227950;-254;1111;-307
2021-11-16T22:11:10.753;538359029665748120;18;1158;-171
2021-11-16T22:11:10.772;538359029685268290;204;1131;-72
2021-11-16T22:11:10.792;538359029704788460;401;1098;-69
2021-11-16T22:11:10.811;538359029724308630;596;1009;-194
2021-11-16T22:11:10.831;538359029743828800;948;967;-196
2021-11-16T22:11:10.850;538359029763348970;1150;841;-149
2021-11-16T22:11:10.870;538359029782869140;401;729;-66
2021-11-16T22:11:10.890;538359029802389310;364;947;-461
2021-11-16T22:11:10.909;538359029821909480;322;851;-756
2021-11-16T22:11:10.929;538359029841429650;187;665;-411
2021-11-16T22:11:10.948;538359029860949820;-177;532;-125
2021-11-16T22:11:10.968;538359029880469990;-327;509;-136
2021-11-16T22:11:10.987;538359029899990160;-383;542;-258
2021-11-16T22:11:11.007;538359029919510330;-573;584;-271
2021-11-16T22:11:11.026;538359029939030500;-868;510;-195
2021-11-16T22:11:11.046;538359029958550670;-748;713;30
2021-11-16T22:11:11.065;538359029978070840;-667;614;252
2021-11-16T22:11:11.085;538359029997591010;-708;609;473
2021-11-16T22:11:11.104;538359030017111180;-762;415;655
2021-11-16T22:11:11.124;538359030036631350;-658;273;771
2021-11-16T22:11:11.143;538359030056151520;-593;300;440
2021-11-16T22:11:11.163;538359030075671690;-662;477;293
2021-11-16T22:11:11.182;538359030095191860;-782;692;51
2021-11-16T22:11:11.202;538359030114712030;-823;800;-239
2021-11-16T22:11:11.221;538359030134232200;-952;778;-94
2021-11-16T22:11:11.241;538359030153752370;-1097;603;119
2021-11-16T22:11:11.260;538359030173268372;-1070;605;135
2021-11-16T22:11:11.280;538359030192784355;-2124;1342;-49
2021-11-16T22:11:11.299;538359030212300338;-1637;132;-40
2021-11-16T22:11:11.319;538359030231816321;-593;1294;-257
2021-11-16T22:11:11.338;538359030251332304;-81;834;815
2021-11-16T22:11:11.358;538359030270848287;-91;895;407
2021-11-16T22:11:11.378;538359030290364270;-424;733;533
2021-11-16T22:11:11.397;538359030309880253;-391;903;501
2021-11-16T22:11:11.417;538359030329396236;-1034;725;526
2021-11-16T22:11:11.436;538359030348912219;-503;894;916
2021-11-16T22:11:11.456;538359030368428202;-365;907;1369
2021-11-16T22:11:11.475;538359030387944185;-451;1075;1312
2021-11-16T22:11:11.495;538359030407460168;-527;1183;1282
2021-11-16T22:11:11.514;538359030426976151;-594;1243;1513
2021-11-16T22:11:11.534;538359030446492134;-438;1418;1566
2021-11-16T22:11:11.553;538359030466008117;-490;1290;1404
2021-11-16T22:11:11.573;538359030485524100;-536;1289;1310
2021-11-16T22:11:11.592;538359030505040083;-764;1152;1392
2021-11-16T22:11:11.612;538359030524556066;-465;1437;1609
2021-11-16T22:11:11.631;538359030544072049;-207;1635;2264
2021-11-16T22:11:11.651;538359030563588032;397;2676;2290
2021-11-16T22:11:11.670;538359030583104015;-442;3366;2946
2021-11-16T22:11:11.690;538359030602619998;-1759;2784;6385
2021-11-16T22:11:11.709;538359030622135981;4966;7299;6887
2021-11-16T22:11:11.729;538359030641651964;7978;7563;375
2021-11-16T22:11:11.748;538359030661167947;5131;7644;2423
2021-11-16T22:11:11.768;538359030680683930;-2879;7988;-3708
2021-11-16T22:11:11.787;538359030700199913;-8000;7988;-7998
2021-11-16T22:11:11.807;538359030719715896;-5062;7988;-8000
2021-11-16T22:11:11.826;538359030739231879;-1016;7132;-8000
2021-11-16T22:11:11.846;538359030758747862;1948;4604;-7544
2021-11-16T22:11:11.865;538359030778263845;2825;2394;-4258
2021-11-16T22:11:11.885;538359030797779828;2813;2078;-4063
2021-11-16T22:11:11.904;538359030817295811;1410;1918;-2605
2021-11-16T22:11:11.924;538359030836811794;472;1825;-2088
2021-11-16T22:11:11.943;538359030856327777;-321;1664;-1242
2021-11-16T22:11:11.963;538359030875849041;-222;1604;-970
2021-11-16T22:11:11.983;538359030895370304;-265;1577;82
2021-11-16T22:11:12.002;538359030914891567;-359;1597;455
2021-11-16T22:11:12.022;538359030934412830;-260;1408;968
2021-11-16T22:11:12.041;538359030953934093;-376;1245;1486
2021-11-16T22:11:12.061;538359030973455356;-352;1253;1729
2021-11-16T22:11:12.080;538359030992976619;-262;1050;1928
2021-11-16T22:11:12.100;538359031012497882;-146;718;2018
2021-11-16T22:11:12.119;538359031032019145;-199;569;2177
2021-11-16T22:11:12.139;538359031051540408;-308;574;2303
2021-11-16T22:11:12.158;538359031071061671;-375;458;2251
2021-11-16T22:11:12.178;538359031090582934;-312;173;2099
2021-11-16T22:11:12.197;538359031110104197;-534;170;2012
2021-11-16T22:11:12.217;538359031129625460;-726;426;1902
2021-11-16T22:11:12.236;538359031149146723;-863;655;1532
2021-11-16T22:11:12.256;538359031168667986;-956;604;1383
2021-11-16T22:11:12.275;538359031188189249;-1117;552;1264
2021-11-16T22:11:12.295;538359031207710512;-1386;721;988
2021-11-16T22:11:12.314;538359031227231775;-1545;770;753
2021-11-16T22:11:12.334;538359031246753038;-1618;668;645
2021-11-16T22:11:12.353;538359031266274301;-1551;595;519
2021-11-16T22:11:12.373;538359031285795564;-1522;542;486
2021-11-16T22:11:12.392;538359031305316827;-1307;493;554
2021-11-16T22:11:12.412;538359031324838090;-1082;453;594
2021-11-16T22:11:12.432;538359031344359353;-822;362;554
2021-11-16T22:11:12.451;538359031363880616;-638;237;554
2021-11-16T22:11:12.471;538359031383401879;-542;230;638
2021-11-16T22:11:12.490;538359031402923142;-462;308;741
2021-11-16T22:11:12.510;538359031422444405;-336;406;803
2021-11-16T22:11:12.529;538359031441965668;-319;546;800
2021-11-16T22:11:12.549;538359031461486931;-474;879;438
2021-11-16T22:11:12.568;538359031481008194;-451;1265;202
2021-11-16T22:11:12.588;538359031500529457;-539;1474;-367
2021-11-16T22:11:12.607;538359031520050720;-645;1527;-700
2021-11-16T22:11:12.627;538359031539571983;-706;1719;-781
2021-11-16T22:11:12.646;538359031559093246;-713;1835;-683
2021-11-16T22:11:12.666;538359031578608795;-605;1852;-335
2021-11-16T22:11:12.685;538359031598124323;-334;1619;185
2021-11-16T22:11:12.705;538359031617639851;-146;1403;623
2021-11-16T22:11:12.724;538359031637155379;-63;1036;847
2021-11-16T22:11:12.744;538359031656670907;-93;789;733
2021-11-16T22:11:12.763;538359031676186435;-228;770;450
2021-11-16T22:11:12.783;538359031695701963;-271;804;255
2021-11-16T22:11:12.802;538359031715217491;-209;864;242
2021-11-16T22:11:12.822;538359031734733019;-33;852;404
2021-11-16T22:11:12.841;538359031754248547;117;707;552
2021-11-16T22:11:12.861;538359031773764075;192;639;594
2021-11-16T22:11:12.880;538359031793279603;176;583;527
2021-11-16T22:11:12.900;538359031812795131;109;502;478
2021-11-16T22:11:12.919;538359031832310659;99;486;464
2021-11-16T22:11:12.939;538359031851826187;6;490;619
2021-11-16T22:11:12.958;538359031871341715;-54;497;761
2021-11-16T22:11:12.978;538359031890857243;-181;504;756
2021-11-16T22:11:12.998;538359031910372771;-331;553;695
2021-11-16T22:11:13.017;538359031929888299;-488;405;552
2021-11-16T22:11:13.037;538359031949403827;-550;484;602
2021-11-16T22:11:13.056;538359031968919355;-510;406;769
2021-11-16T22:11:13.076;538359031988434883;-599;477;949
2021-11-16T22:11:13.095;538359032007950411;-440;484;1067
2021-11-16T22:11:13.115;538359032027465939;-323;495;944
2021-11-16T22:11:13.134;538359032046981467;29;458;882
2021-11-16T22:11:13.154;538359032066496995;85;338;848
2021-11-16T22:11:13.173;538359032086012523;-236;572;965
2021-11-16T22:11:13.193;538359032105528051;-472;722;822
2021-11-16T22:11:13.212;538359032125043579;-672;828;851
2021-11-16T22:11:13.232;538359032144559107;-578;719;1039
2021-11-16T22:11:13.251;538359032164074635;-525;696;1120
2021-11-16T22:11:13.271;538359032183590163;-516;721;1005
2021-11-16T22:11:13.290;538359032203105691;-576;729;879
2021-11-16T22:11:13.310;538359032222621219;-594;673;844
2021-11-16T22:11:13.329;538359032242136747;-530;581;782
2021-11-16T22:11:13.349;538359032261652275;-506;513;766
2021-11-16T22:11:13.368;538359032281162896;-509;446;763
2021-11-16T22:11:13.388;538359032300673509;-499;406;815
2021-11-16T22:11:13.407;538359032320184122;-434;327;839
2021-11-16T22:11:13.427;538359032339694735;-436;262;751
2021-11-16T22:11:13.446;538359032359205348;-464;232;665
2021-11-16T22:11:13.466;538359032378715961;-452;240;629
2021-11-16T22:11:13.485;538359032398226574;-463;325;574
2021-11-16T22:11:13.505;538359032417737187;-506;421;510
2021-11-16T22:11:13.524;538359032437247800;-523;519;503
2021-11-16T22:11:13.544;538359032456758413;-556;643;554
2021-11-16T22:11:13.563;538359032476269026;-611;739;595
2021-11-16T22:11:13.583;538359032495779639;-652;786;613
2021-11-16T22:11:13.602;538359032515290252;-651;781;679
2021-11-16T22:11:13.622;538359032534800865;-1150;711;1248
2021-11-16T22:11:13.641;538359032554311478;-372;590;726
2021-11-16T22:11:13.661;538359032573822091;-492;741;652
2021-11-16T22:11:13.680;538359032593332704;-323;603;677
2021-11-16T22:11:13.700;538359032612843317;-346;632;638
2021-11-16T22:11:13.720;538359032632353930;-560;825;168
2021-11-16T22:11:13.739;538359032651864543;-292;679;589
2021-11-16T22:11:13.759;538359032671375156;-371;717;561
2021-11-16T22:11:13.778;538359032690885769;-374;735;496
2021-11-16T22:11:13.798;538359032710396382;-280;651;487
2021-11-16T22:11:13.817;538359032729906995;-259;644;478
2021-11-16T22:11:13.837;538359032749417608;-260;662;527
2021-11-16T22:11:13.856;538359032768928221;-292;678;617
2021-11-16T22:11:13.876;538359032788438834;-358;626;684
2021-11-16T22:11:13.895;538359032807949447;-661;626;1031
2021-11-16T22:11:13.915;538359032827460060;-433;411;838
2021-11-16T22:11:13.934;538359032846970673;-400;473;775
2021-11-16T22:11:13.954;538359032866481286;-380;459;845
2021-11-16T22:11:13.973;538359032885991899;-338;476;848
2021-11-16T22:11:13.993;538359032905502512;-577;483;556
2021-11-16T22:11:14.012;538359032925013125;-353;372;986
2021-11-16T22:11:14.032;538359032944523738;-504;271;966
2021-11-16T22:11:14.051;538359032964034351;-375;502;716
2021-11-16T22:11:14.071;538359032983538989;-203;614;960
2021-11-16T22:11:14.090;538359033003043594;-90;720;875
2021-11-16T22:11:14.110;538359033022548199;68;776;983
2021-11-16T22:11:14.129;538359033042052804;251;703;1085
2021-11-16T22:11:14.149;538359033061557409;188;682;1060
2021-11-16T22:11:14.168;538359033081062014;-293;677;1071
2021-11-16T22:11:14.188;538359033100566619;175;611;965
2021-11-16T22:11:14.207;538359033120071224;28;702;1087
2021-11-16T22:11:14.227;538359033139575829;78;669;1114
2021-11-16T22:11:14.246;538359033159080434;-109;794;1078
2021-11-16T22:11:14.266;538359033178585039;215;827;1409
2021-11-16T22:11:14.285;538359033198089644;544;881;1246
2021-11-16T22:11:14.305;538359033217594249;415;980;1244
2021-11-16T22:11:14.324;538359033237098854;311;956;1183
2021-11-16T22:11:14.344;538359033256603459;531;949;1372
2021-11-16T22:11:14.363;538359033276108064;760;823;1712
2021-11-16T22:11:14.383;538359033295612669;591;942;1453
2021-11-16T22:11:14.402;538359033315117274;889;611;2198
2021-11-16T22:11:14.422;538359033334621879;2001;838;2528
2021-11-16T22:11:14.441;538359033354126484;2837;1451;2531
2021-11-16T22:11:14.461;538359033373631089;4327;2251;4665
2021-11-16T22:11:14.480;538359033393135694;6430;2716;7008
2021-11-16T22:11:14.500;538359033412640299;7978;5386;6211
2021-11-16T22:11:14.519;538359033432144904;7717;7856;-1743
2021-11-16T22:11:14.539;538359033451649509;-1731;7985;1468
2021-11-16T22:11:14.558;538359033471154114;-7109;7988;-2027
2021-11-16T22:11:14.578;538359033490658719;-8000;7988;-7913
2021-11-16T22:11:14.597;538359033510163324;-7073;7988;-8000
2021-11-16T22:11:14.617;538359033529667929;52;6514;-8000
2021-11-16T22:11:14.636;538359033549172534;5291;2788;-7922
2021-11-16T22:11:14.656;538359033568677139;4225;2620;-6390
2021-11-16T22:11:14.675;538359033588181744;1613;1614;-4514
2021-11-16T22:11:14.695;538359033607686349;-1428;2138;-3523
2021-11-16T22:11:14.714;538359033627190954;-2611;1904;-1661
2021-11-16T22:11:14.734;538359033646695559;-1776;1819;-1103
2021-11-16T22:11:14.753;538359033666200164;-634;1675;-577
2021-11-16T22:11:14.773;538359033685718339;169;1434;484
2021-11-16T22:11:14.792;538359033705236507;274;1251;1107
2021-11-16T22:11:14.812;538359033724754675;329;1026;1306
2021-11-16T22:11:14.831;538359033744272843;87;864;1557
2021-11-16T22:11:14.851;538359033763791011;11;730;1745
2021-11-16T22:11:14.870;538359033783309179;3;562;1750
2021-11-16T22:11:14.890;538359033802827347;102;398;1694
2021-11-16T22:11:14.909;538359033822345515;89;481;1781
2021-11-16T22:11:14.929;538359033841863683;182;598;1866
2021-11-16T22:11:14.949;538359033861381851;355;427;1785
2021-11-16T22:11:14.968;538359033880900019;165;319;1782
2021-11-16T22:11:14.988;538359033900418187;-221;504;1938
2021-11-16T22:11:15.007;538359033919936355;-264;708;1964
2021-11-16T22:11:15.027;538359033939454523;-205;559;1809
2021-11-16T22:11:15.046;538359033958972691;-247;282;1572
2021-11-16T22:11:15.066;538359033978490859;-520;304;1608
2021-11-16T22:11:15.085;538359033998009027;-653;447;1721
2021-11-16T22:11:15.105;538359034017527195;-707;549;1656
2021-11-16T22:11:15.124;538359034037045363;-613;503;1503
2021-11-16T22:11:15.144;538359034056563531;-604;476;1379
2021-11-16T22:11:15.163;538359034076081699;-559;420;1434
2021-11-16T22:11:15.183;538359034095599867;-487;386;1508
2021-11-16T22:11:15.202;538359034115118035;-459;384;1392
2021-11-16T22:11:15.222;538359034134636203;-407;310;1139
2021-11-16T22:11:15.241;538359034154154371;-422;217;1075
2021-11-16T22:11:15.261;538359034173672539;-446;220;1187
2021-11-16T22:11:15.280;538359034193190707;-386;332;1305
2021-11-16T22:11:15.300;538359034212708875;-223;439;1259
2021-11-16T22:11:15.319;538359034232227043;-119;478;1061
2021-11-16T22:11:15.339;538359034251745211;-70;501;977
2021-11-16T22:11:15.358;538359034271263379;17;596;987
2021-11-16T22:11:15.378;538359034290781547;52;727;978
2021-11-16T22:11:15.397;538359034310299715;44;739;965
2021-11-16T22:11:15.417;538359034329817883;-63;748;886
2021-11-16T22:11:15.436;538359034349336051;-236;781;738
2021-11-16T22:11:15.456;538359034368854219;-343;757;591
2021-11-16T22:11:15.476;538359034388378417;-428;698;497
2021-11-16T22:11:15.495;538359034407902592;-536;689;490
2021-11-16T22:11:15.515;538359034427426767;-670;572;427
2021-11-16T22:11:15.534;538359034446950942;-819;730;202
2021-11-16T22:11:15.554;538359034466475117;-1030;727;-73
2021-11-16T22:11:15.573;538359034485999292;-1156;810;-202
2021-11-16T22:11:15.593;538359034505523467;-1103;553;-250
2021-11-16T22:11:15.612;538359034525047642;-958;505;-173
2021-11-16T22:11:15.632;538359034544571817;-1001;371;-460
2021-11-16T22:11:15.651;538359034564095992;-788;534;-234
2021-11-16T22:11:15.671;538359034583620167;-705;546;-399
2021-11-16T22:11:15.690;538359034603144342;-661;522;-567
2021-11-16T22:11:15.710;538359034622668517;-640;538;-617
2021-11-16T22:11:15.729;538359034642192692;-578;607;-588
2021-11-16T22:11:15.749;538359034661716867;-508;647;-486
2021-11-16T22:11:15.768;538359034681241042;-471;573;-459
2021-11-16T22:11:15.788;538359034700765217;-500;573;-487
2021-11-16T22:11:15.807;538359034720289392;-520;647;-470
2021-11-16T22:11:15.827;538359034739813567;-511;710;-442
2021-11-16T22:11:15.846;538359034759337742;-484;726;-438
2021-11-16T22:11:15.866;538359034778861917;-505;748;-550
2021-11-16T22:11:15.886;538359034798386092;-537;785;-576
2021-11-16T22:11:15.905;538359034817910267;-521;837;-430
2021-11-16T22:11:15.925;538359034837434442;-459;838;-259
2021-11-16T22:11:15.944;538359034856958617;-383;892;-147
2021-11-16T22:11:15.964;538359034876482792;-351;983;-113
2021-11-16T22:11:15.983;538359034896006967;-339;995;-80
2021-11-16T22:11:16.003;538359034915531142;-406;1108;-67
2021-11-16T22:11:16.022;538359034935055317;-373;1216;-10
2021-11-16T22:11:16.042;538359034954579492;-312;1323;-19
2021-11-16T22:11:16.061;538359034974103667;-265;1483;-144
2021-11-16T22:11:16.081;538359034993627842;-236;1626;-294
2021-11-16T22:11:16.100;538359035013152017;-814;1793;-698
2021-11-16T22:11:16.120;538359035032676192;-265;1490;-898
2021-11-16T22:11:16.139;538359035052200367;-413;1504;-291
2021-11-16T22:11:16.159;538359035071724542;-156;1600;-1032
2021-11-16T22:11:16.178;538359035091244646;-111;1443;-827
2021-11-16T22:11:16.198;538359035110764725;216;1376;-836
2021-11-16T22:11:16.217;538359035130284804;421;1200;-315
2021-11-16T22:11:16.237;538359035149804883;964;1082;-197
2021-11-16T22:11:16.256;538359035169324962;1058;971;-130
2021-11-16T22:11:16.276;538359035188845041;1086;909;179
2021-11-16T22:11:16.296;538359035208365120;1053;956;453
2021-11-16T22:11:16.315;538359035227885199;922;896;563
2021-11-16T22:11:16.335;538359035247405278;692;901;595
2021-11-16T22:11:16.354;538359035266925357;343;845;454
2021-11-16T22:11:16.374;538359035286445436;83;863;489
2021-11-16T22:11:16.393;538359035305965515;-238;770;480
2021-11-16T22:11:16.413;538359035325485594;-698;725;479
2021-11-16T22:11:16.432;538359035345005673;-840;860;547
2021-11-16T22:11:16.452;538359035364525752;-835;855;421
2021-11-16T22:11:16.471;538359035384045831;-877;926;255
2021-11-16T22:11:16.491;538359035403565910;-770;919;397
2021-11-16T22:11:16.510;538359035423085989;-708;1021;639
2021-11-16T22:11:16.530;538359035442606068;-836;1015;740
2021-11-16T22:11:16.549;538359035462126147;-1168;1035;633
2021-11-16T22:11:16.569;538359035481646226;-1325;746;468
2021-11-16T22:11:16.588;538359035501166305;-1155;608;421
2021-11-16T22:11:16.608;538359035520686384;-843;607;619
2021-11-16T22:11:16.627;538359035540206463;-703;493;871
2021-11-16T22:11:16.647;538359035559726542;-617;480;992
2021-11-16T22:11:16.666;538359035579246621;-555;403;954
2021-11-16T22:11:16.686;538359035598766700;-507;467;852
2021-11-16T22:11:16.705;538359035618286779;-521;484;795
2021-11-16T22:11:16.725;538359035637806858;-620;572;749
2021-11-16T22:11:16.744;538359035657326937;-522;621;756
2021-11-16T22:11:16.764;538359035676847016;-366;568;696
2021-11-16T22:11:16.784;538359035696367095;-424;564;658
2021-11-16T22:11:16.803;538359035715887174;-523;594;581
2021-11-16T22:11:16.823;538359035735407253;-565;573;586
2021-11-16T22:11:16.842;538359035754927332;-576;548;696
2021-11-16T22:11:16.862;538359035774447411;-600;527;727
2021-11-16T22:11:16.881;538359035793963601;-656;628;658
2021-11-16T22:11:16.901;538359035813479766;-632;650;617
2021-11-16T22:11:16.920;538359035832995931;-648;517;536
2021-11-16T22:11:16.940;538359035852512096;-580;649;676
2021-11-16T22:11:16.959;538359035872028261;-544;693;735
2021-11-16T22:11:16.979;538359035891544426;-623;621;739
2021-11-16T22:11:16.998;538359035911060591;-586;575;570
2021-11-16T22:11:17.018;538359035930576756;-627;574;292
2021-11-16T22:11:17.037;538359035950092921;-524;581;355
2021-11-16T22:11:17.057;538359035969609086;-472;547;435
2021-11-16T22:11:17.076;538359035989125251;-479;506;493
2021-11-16T22:11:17.096;538359036008641416;-484;535;552
2021-11-16T22:11:17.115;538359036028157581;-416;550;565
2021-11-16T22:11:17.135;538359036047673746;-441;578;537
2021-11-16T22:11:17.154;538359036067189911;-519;611;531
2021-11-16T22:11:17.174;538359036086706076;-647;699;482
2021-11-16T22:11:17.193;538359036106222241;-762;730;423
2021-11-16T22:11:17.213;538359036125738406;-802;719;429
2021-11-16T22:11:17.232;538359036145254571;-790;676;545
2021-11-16T22:11:17.252;538359036164770736;-646;608;662
2021-11-16T22:11:17.271;538359036184286901;-473;535;751
2021-11-16T22:11:17.291;538359036203803066;-402;519;705
2021-11-16T22:11:17.310;538359036223319231;-445;606;533
2021-11-16T22:11:17.330;538359036242835396;-480;635;455
2021-11-16T22:11:17.350;538359036262351561;-467;643;525
2021-11-16T22:11:17.369;538359036281867726;-409;625;699
2021-11-16T22:11:17.389;538359036301383891;-321;575;747
2021-11-16T22:11:17.408;538359036320900056;-294;469;723
2021-11-16T22:11:17.428;538359036340416221;-342;473;727
2021-11-16T22:11:17.447;538359036359932386;-289;489;707
2021-11-16T22:11:17.467;538359036379448551;-251;468;673
2021-11-16T22:11:17.486;538359036398964716;-409;538;441
2021-11-16T22:11:17.506;538359036418480881;-589;470;594
2021-11-16T22:11:17.525;538359036437997046;-536;451;634
2021-11-16T22:11:17.545;538359036457513211;-603;456;623
2021-11-16T22:11:17.564;538359036477029376;-594;413;663
2021-11-16T22:11:17.584;538359036496558404;-518;486;660
2021-11-16T22:11:17.603;538359036516087403;-1004;642;1137
2021-11-16T22:11:17.623;538359036535616402;-598;254;730
2021-11-16T22:11:17.642;538359036555145401;-392;647;518
2021-11-16T22:11:17.662;538359036574674400;-257;556;693
2021-11-16T22:11:17.681;538359036594203399;-279;547;777
2021-11-16T22:11:17.701;538359036613732398;-251;645;811
2021-11-16T22:11:17.720;538359036633261397;-9;694;925
2021-11-16T22:11:17.740;538359036652790396;83;652;1025
2021-11-16T22:11:17.759;538359036672319395;112;591;1199
2021-11-16T22:11:17.779;538359036691848394;151;629;1329
2021-11-16T22:11:17.799;538359036711377393;127;658;1301
2021-11-16T22:11:17.818;538359036730906392;396;802;1799
2021-11-16T22:11:17.838;538359036750435391;704;989;2178
2021-11-16T22:11:17.857;538359036769964390;773;1077;2161
2021-11-16T22:11:17.877;538359036789493389;912;1039;2344
2021-11-16T22:11:17.896;538359036809022388;1035;1152;2818
2021-11-16T22:11:17.916;538359036828551387;1420;1116;2937
2021-11-16T22:11:17.935;538359036848080386;1864;1243;3152
2021-11-16T22:11:17.955;538359036867609385;2613;1345;4076
2021-11-16T22:11:17.974;538359036887138384;4322;2439;5135
2021-11-16T22:11:17.994;538359036906667383;6369;5010;7414
2021-11-16T22:11:18.013;538359036926196382;7899;5296;7888
2021-11-16T22:11:18.033;538359036945725381;7978;7932;-599
2021-11-16T22:11:18.052;538359036965254380;7331;7953;3156
2021-11-16T22:11:18.072;538359036984783379;3619;7988;2418
2021-11-16T22:11:18.091;538359037004312378;-7501;7985;-6543
2021-11-16T22:11:18.111;538359037023841377;-6760;7835;-7158
2021-11-16T22:11:18.131;538359037043370376;-150;6427;-8000
2021-11-16T22:11:18.150;538359037062899375;5837;3217;-8000
2021-11-16T22:11:18.170;538359037082428374;7254;1372;-5785
2021-11-16T22:11:18.189;538359037101957373;6888;780;-1970
2021-11-16T22:11:18.209;538359037121486372;4996;656;-2059
2021-11-16T22:11:18.228;538359037141015371;1439;1126;-2101
2021-11-16T22:11:18.248;538359037160544370;-935;1636;-1356
2021-11-16T22:11:18.267;538359037180073369;-1139;1753;-1043
2021-11-16T22:11:18.287;538359037199598115;-675;1739;-1337
2021-11-16T22:11:18.306;538359037219122836;-548;1889;-795
2021-11-16T22:11:18.326;538359037238647557;-798;1993;-43
2021-11-16T22:11:18.345;538359037258172278;-1028;1912;775
2021-11-16T22:11:18.365;538359037277696999;-1156;1713;1121
2021-11-16T22:11:18.384;538359037297221720;-1195;1619;1349
2021-11-16T22:11:18.404;538359037316746441;-1144;1614;1365
2021-11-16T22:11:18.423;538359037336271162;-875;1393;1378
2021-11-16T22:11:18.443;538359037355795883;-833;1238;1426
2021-11-16T22:11:18.462;538359037375320604;-817;1237;1461
2021-11-16T22:11:18.482;538359037394845325;-757;1225;1510
2021-11-16T22:11:18.502;538359037414370046;-608;990;1538
2021-11-16T22:11:18.521;538359037433894767;-675;943;1300
2021-11-16T22:11:18.541;538359037453419488;-788;1095;1191
2021-11-16T22:11:18.560;538359037472944209;-798;1251;1229
2021-11-16T22:11:18.580;538359037492468930;-815;1154;1260
2021-11-16T22:11:18.599;538359037511993651;-898;1002;1198
2021-11-16T22:11:18.619;538359037531518372;-1034;998;1112
2021-11-16T22:11:18.638;538359037551043093;-1133;1092;1036
2021-11-16T22:11:18.658;538359037570567814;-1144;1208;1019
2021-11-16T22:11:18.677;538359037590092535;-1048;1208;1143
2021-11-16T22:11:18.697;538359037609617256;-934;1150;855
2021-11-16T22:11:18.716;538359037629141977;-777;1008;806
2021-11-16T22:11:18.736;538359037648666698;-674;930;913
2021-11-16T22:11:18.755;538359037668191419;-672;921;678
2021-11-16T22:11:18.775;538359037687716140;-712;926;500
2021-11-16T22:11:18.794;538359037707240861;-771;873;350
2021-11-16T22:11:18.814;538359037726765582;-812;815;286
2021-11-16T22:11:18.833;538359037746290303;-794;837;428
2021-11-16T22:11:18.853;538359037765815024;-737;877;482
2021-11-16T22:11:18.872;538359037785339745;-642;922;476
2021-11-16T22:11:18.892;538359037804864466;-592;966;454
2021-11-16T22:11:18.912;538359037824389187;-556;985;427
2021-11-16T22:11:18.931;538359037843913908;-495;991;431
2021-11-16T22:11:18.951;538359037863438629;-399;987;416
2021-11-16T22:11:18.970;538359037882963350;-296;990;378
