Phone timestamp;sensor timestamp [ns];X [mg];Y [mg];Z [mg]
2021-11-16T22:14:11.217;538359210092581597;-508;650;-399
2021-11-16T22:14:11.236;538359210112094212;-506;670;-369
2021-11-16T22:14:11.256;538359210131606827;-515;647;-289
2021-11-16T22:14:11.275;538359210151119442;-564;637;-149
2021-11-16T22:14:11.295;538359210170632057;-611;637;-89
2021-11-16T22:14:11.314;538359210190144672;-608;642;-139
2021-11-16T22:14:11.334;538359210209657287;-574;645;-154
2021-11-16T22:14:11.353;538359210229169902;-557;623;-105
2021-11-16T22:14:11.373;538359210248682517;-589;659;-27
2021-11-16T22:14:11.392;538359210268195132;-633;720;-44
2021-11-16T22:14:11.412;538359210287707747;-663;743;-56
2021-11-16T22:14:11.431;538359210307220362;-689;750;-57
2021-11-16T22:14:11.451;538359210326732977;-662;739;-109
2021-11-16T22:14:11.470;538359210346245592;-640;701;-118
2021-11-16T22:14:11.490;538359210365758207;-637;680;-127
2021-11-16T22:14:11.509;538359210385270822;-637;649;-136
2021-11-16T22:14:11.529;538359210404783437;-634;628;-174
2021-11-16T22:14:11.548;538359210424296052;-633;631;-221
2021-11-16T22:14:11.568;538359210443808667;-633;642;-254
2021-11-16T22:14:11.587;538359210463321282;-634;648;-293
2021-11-16T22:14:11.607;538359210482833897;-630;631;-298
2021-11-16T22:14:11.626;538359210502346512;-631;655;-346
2021-11-16T22:14:11.646;538359210521859127;-639;663;-339
2021-11-16T22:14:11.665;538359210541371742;-647;691;-323
2021-11-16T22:14:11.685;538359210560884357;-661;687;-320
2021-11-16T22:14:11.704;538359210580396972;-711;696;-225
2021-11-16T22:14:11.724;538359210599909587;-707;698;-235
2021-11-16T22:14:11.743;538359210619422202;-718;676;-227
2021-11-16T22:14:11.763;538359210638934817;-709;636;-235
2021-11-16T22:14:11.782;538359210658447432;-701;626;-235
2021-11-16T22:14:11.802;538359210677960047;-726;637;-224
2021-11-16T22:14:11.821;538359210697472662;-773;660;-132
2021-11-16T22:14:11.841;538359210716985277;-825;649;-19
2021-11-16T22:14:11.860;538359210736497892;-873;677;102
2021-11-16T22:14:11.880;538359210756010507;-832;744;113
2021-11-16T22:14:11.899;538359210775523122;-760;767;64
2021-11-16T22:14:11.919;538359210795035767;-673;759;25
2021-11-16T22:14:11.938;538359210814548382;-629;776;37
2021-11-16T22:14:11.958;538359210834060997;-563;767;-5
2021-11-16T22:14:11.977;538359210853573612;-486;752;-90
2021-11-16T22:14:11.997;538359210873086227;-408;745;-136
2021-11-16T22:14:12.017;538359210892598842;-409;751;-90
2021-11-16T22:14:12.036;538359210912111457;-477;752;22
2021-11-16T22:14:12.056;538359210931624072;-519;743;103
2021-11-16T22:14:12.075;538359210951136687;-540;737;93
2021-11-16T22:14:12.095;538359210970649302;-549;740;61
2021-11-16T22:14:12.114;538359210990161917;-544;732;27
2021-11-16T22:14:12.134;538359211009674532;-561;691;24
2021-11-16T22:14:12.153;538359211029187147;-582;665;18
2021-11-16T22:14:12.173;538359211048699762;-614;683;24
2021-11-16T22:14:12.192;538359211068212377;-630;702;26
2021-11-16T22:14:12.212;538359211087724992;-644;704;26
2021-11-16T22:14:12.231;538359211107237607;-693;699;24
2021-11-16T22:14:12.251;538359211126750222;-715;712;0
2021-11-16T22:14:12.270;538359211146262837;-735;730;-25
2021-11-16T22:14:12.290;538359211165775452;-738;730;-88
2021-11-16T22:14:12.309;538359211185288067;-734;726;-140
2021-11-16T22:14:12.329;538359211204800682;-746;737;-165
2021-11-16T22:14:12.348;538359211224313297;-770;749;-125
2021-11-16T22:14:12.368;538359211243825912;-778;752;-86
2021-11-16T22:14:12.387;538359211263338527;-770;744;-99
2021-11-16T22:14:12.407;538359211282851142;-700;745;-164
2021-11-16T22:14:12.426;538359211302363757;-633;756;-211
2021-11-16T22:14:12.446;538359211321876372;-625;760;-207
2021-11-16T22:14:12.465;538359211341388987;-624;747;-190
2021-11-16T22:14:12.485;538359211360901602;-589;713;-239
2021-11-16T22:14:12.504;538359211380414217;-561;672;-271
2021-11-16T22:14:12.524;538359211399926832;-565;669;-253
2021-11-16T22:14:12.543;538359211419439447;-598;689;-173
2021-11-16T22:14:12.563;538359211438952062;-603;718;-132
2021-11-16T22:14:12.582;538359211458464677;-552;717;-182
2021-11-16T22:14:12.602;538359211477977292;-507;702;-250
2021-11-16T22:14:12.621;538359211497487367;-498;701;-263
2021-11-16T22:14:12.641;538359211516997434;-499;724;-246
2021-11-16T22:14:12.660;538359211536507501;-505;751;-217
2021-11-16T22:14:12.680;538359211556017568;-500;766;-211
2021-11-16T22:14:12.699;538359211575527635;-498;795;-207
2021-11-16T22:14:12.719;538359211595037702;-2058;741;-47
2021-11-16T22:14:12.738;538359211614547769;-322;861;-245
2021-11-16T22:14:12.758;538359211634057836;-392;653;-312
2021-11-16T22:14:12.777;538359211653567903;-413;736;-188
2021-11-16T22:14:12.797;538359211673077970;-401;684;-93
2021-11-16T22:14:12.817;538359211692588037;-1020;791;-63
2021-11-16T22:14:12.836;538359211712098104;-620;553;-27
2021-11-16T22:14:12.856;538359211731608171;-697;737;-46
2021-11-16T22:14:12.875;538359211751118238;-748;673;-122
2021-11-16T22:14:12.895;538359211770628305;-671;668;-188
2021-11-16T22:14:12.914;538359211790138372;-705;655;-173
2021-11-16T22:14:12.934;538359211809648439;-678;706;-158
2021-11-16T22:14:12.953;538359211829158506;-661;723;-136
2021-11-16T22:14:12.973;538359211848668573;-635;737;-135
2021-11-16T22:14:12.992;538359211868178640;-619;736;-155
2021-11-16T22:14:13.012;538359211887688707;-602;736;-193
2021-11-16T22:14:13.031;538359211907198774;-592;741;-211
2021-11-16T22:14:13.051;538359211926708841;-582;750;-196
2021-11-16T22:14:13.070;538359211946218908;-581;744;-218
2021-11-16T22:14:13.090;538359211965728975;-617;718;-238
2021-11-16T22:14:13.109;538359211985239042;-636;679;-269
2021-11-16T22:14:13.129;538359212004749109;-655;679;-230
2021-11-16T22:14:13.148;538359212024259176;-615;711;-220
2021-11-16T22:14:13.168;538359212043769243;-627;699;-227
2021-11-16T22:14:13.187;538359212063279310;-639;695;-218
2021-11-16T22:14:13.207;538359212082789377;-601;714;-262
2021-11-16T22:14:13.226;538359212102299444;-569;727;-270
2021-11-16T22:14:13.246;538359212121809511;-598;725;-193
2021-11-16T22:14:13.265;538359212141319578;-588;731;-115
2021-11-16T22:14:13.285;538359212160829645;-563;770;-118
2021-11-16T22:14:13.304;538359212180339712;-616;698;-222
2021-11-16T22:14:13.324;538359212199851619;-678;654;-225
2021-11-16T22:14:13.343;538359212219363506;-723;616;-172
2021-11-16T22:14:13.363;538359212238875393;-688;650;-70
2021-11-16T22:14:13.382;538359212258387280;-669;712;-13
2021-11-16T22:14:13.402;538359212277899167;-632;743;-26
2021-11-16T22:14:13.421;538359212297411054;-632;747;-89
2021-11-16T22:14:13.441;538359212316922941;-635;738;-198
2021-11-16T22:14:13.460;538359212336434828;-614;740;-265
2021-11-16T22:14:13.480;538359212355946715;-594;728;-317
2021-11-16T22:14:13.499;538359212375458602;-522;764;-352
2021-11-16T22:14:13.519;538359212394970489;-501;794;-288
2021-11-16T22:14:13.538;538359212414482376;-547;780;-200
2021-11-16T22:14:13.558;538359212433994263;-533;779;-134
2021-11-16T22:14:13.577;538359212453506150;-543;778;-146
2021-11-16T22:14:13.597;538359212473018037;-510;779;-200
2021-11-16T22:14:13.616;538359212492529924;-545;755;-215
2021-11-16T22:14:13.636;538359212512041811;-548;765;-200
2021-11-16T22:14:13.655;538359212531553698;-534;772;-174
2021-11-16T22:14:13.675;538359212551065585;-562;755;-123
2021-11-16T22:14:13.694;538359212570577472;-572;730;-181
2021-11-16T22:14:13.714;538359212590089359;-576;718;-262
2021-11-16T22:14:13.734;538359212609601246;-535;723;-255
2021-11-16T22:14:13.753;538359212629113133;-605;694;-156
2021-11-16T22:14:13.773;538359212648625020;-680;646;-112
2021-11-16T22:14:13.792;538359212668136907;-710;645;-191
2021-11-16T22:14:13.812;538359212687648794;-625;671;-211
2021-11-16T22:14:13.831;538359212707160681;-560;750;-233
2021-11-16T22:14:13.851;538359212726672568;-643;732;-228
2021-11-16T22:14:13.870;538359212746184455;-669;697;-219
2021-11-16T22:14:13.890;538359212765696342;-664;701;-220
2021-11-16T22:14:13.909;538359212785208229;-656;746;-166
2021-11-16T22:14:13.929;538359212804720116;-690;754;-109
2021-11-16T22:14:13.948;538359212824232003;-716;700;-122
2021-11-16T22:14:13.968;538359212843743890;-739;654;-222
2021-11-16T22:14:13.987;538359212863255777;-705;648;-253
2021-11-16T22:14:14.007;538359212882767664;-711;621;-261
2021-11-16T22:14:14.026;538359212902279757;-785;614;-133
2021-11-16T22:14:14.046;538359212921791826;-736;629;-197
2021-11-16T22:14:14.065;538359212941303895;-634;665;-357
2021-11-16T22:14:14.085;538359212960815964;-555;745;-492
2021-11-16T22:14:14.104;538359212980328033;-401;826;-545
2021-11-16T22:14:14.124;538359212999840102;-457;817;-470
2021-11-16T22:14:14.143;538359213019352171;-699;690;-468
2021-11-16T22:14:14.163;538359213038864240;-736;561;-347
2021-11-16T22:14:14.182;538359213058376309;-1137;360;528
2021-11-16T22:14:14.202;538359213077888378;-1028;354;442
2021-11-16T22:14:14.221;538359213097400447;-923;495;121
2021-11-16T22:14:14.241;538359213116912516;-621;697;210
2021-11-16T22:14:14.260;538359213136424585;-552;818;311
2021-11-16T22:14:14.280;538359213155936654;-324;824;355
2021-11-16T22:14:14.299;538359213175448723;-492;807;757
2021-11-16T22:14:14.319;538359213194960792;-541;801;884
2021-11-16T22:14:14.338;538359213214472861;-620;832;1035
2021-11-16T22:14:14.358;538359213233984930;-517;838;1092
2021-11-16T22:14:14.377;538359213253496999;-451;894;925
2021-11-16T22:14:14.397;538359213273009068;-401;903;876
2021-11-16T22:14:14.416;538359213292521137;-346;959;1019
2021-11-16T22:14:14.436;538359213312033206;-377;936;1047
2021-11-16T22:14:14.455;538359213331545275;-482;906;903
2021-11-16T22:14:14.475;538359213351057344;-456;871;654
2021-11-16T22:14:14.494;538359213370569413;-325;878;383
2021-11-16T22:14:14.514;538359213390081482;-366;894;233
2021-11-16T22:14:14.534;538359213409593551;-409;965;139
2021-11-16T22:14:14.553;538359213429105620;-264;973;-24
2021-11-16T22:14:14.573;538359213448617689;-279;964;-459
2021-11-16T22:14:14.592;538359213468129758;-445;967;-870
2021-11-16T22:14:14.612;538359213487641827;-475;887;-938
2021-11-16T22:14:14.631;538359213507153896;-657;833;-1065
2021-11-16T22:14:14.651;538359213526665965;-726;772;-1627
2021-11-16T22:14:14.670;538359213546178034;-767;697;-2110
2021-11-16T22:14:14.690;538359213565690103;-936;696;-2322
2021-11-16T22:14:14.709;538359213585202172;-765;899;-2871
2021-11-16T22:14:14.729;538359213604706811;-320;1234;-4686
2021-11-16T22:14:14.748;538359213624211416;-342;1383;-4800
2021-11-16T22:14:14.768;538359213643716021;372;1623;-4688
2021-11-16T22:14:14.787;538359213663220626;1225;2340;-4794
2021-11-16T22:14:14.807;538359213682725231;-127;2045;-1294
2021-11-16T22:14:14.826;538359213702229836;2615;2789;-5404
2021-11-16T22:14:14.846;538359213721734441;1974;4075;36
2021-11-16T22:14:14.865;538359213741239046;999;3976;2994
2021-11-16T22:14:14.885;538359213760743651;832;3581;5164
2021-11-16T22:14:14.904;538359213780248256;546;2568;6052
2021-11-16T22:14:14.924;538359213799752861;666;1869;5127
2021-11-16T22:14:14.943;538359213819257466;-2295;1305;3236
2021-11-16T22:14:14.963;538359213838762071;-1417;733;2468
2021-11-16T22:14:14.982;538359213858266676;-1564;807;2165
2021-11-16T22:14:15.002;538359213877771281;-936;804;1145
2021-11-16T22:14:15.021;538359213897275886;-717;822;237
2021-11-16T22:14:15.041;538359213916780491;-645;817;276
2021-11-16T22:14:15.060;538359213936285096;-596;759;8
2021-11-16T22:14:15.080;538359213955789701;-587;741;-125
2021-11-16T22:14:15.099;538359213975294306;-591;715;-319
2021-11-16T22:14:15.119;538359213994798911;-510;736;-330
2021-11-16T22:14:15.138;538359214014303516;-566;725;-500
2021-11-16T22:14:15.158;538359214033808121;-484;693;-499
2021-11-16T22:14:15.177;538359214053312726;-538;699;-498
2021-11-16T22:14:15.197;538359214072817331;-530;671;-493
2021-11-16T22:14:15.216;538359214092321936;-613;642;-593
2021-11-16T22:14:15.236;538359214111826541;-622;614;-543
2021-11-16T22:14:15.255;538359214131331146;-598;634;-426
2021-11-16T22:14:15.275;538359214150835751;-655;623;-356
2021-11-16T22:14:15.294;538359214170340356;-697;609;-345
2021-11-16T22:14:15.314;538359214189844961;-714;616;-312
2021-11-16T22:14:15.333;538359214209349566;-720;637;-198
2021-11-16T22:14:15.353;538359214228854171;-669;665;-176
2021-11-16T22:14:15.372;538359214248358776;-665;669;-220
2021-11-16T22:14:15.392;538359214267863381;-698;637;-334
2021-11-16T22:14:15.411;538359214287367986;-619;707;-284
2021-11-16T22:14:15.431;538359214306877693;-638;666;-390
2021-11-16T22:14:15.450;538359214326387396;-611;692;-375
2021-11-16T22:14:15.470;538359214345897099;-611;711;-272
2021-11-16T22:14:15.489;538359214365406802;-604;719;-242
2021-11-16T22:14:15.509;538359214384916505;-604;685;-315
2021-11-16T22:14:15.528;538359214404426208;-576;717;-275
2021-11-16T22:14:15.548;538359214423935911;-582;713;-276
2021-11-16T22:14:15.567;538359214443445614;-559;725;-258
2021-11-16T22:14:15.587;538359214462955317;-550;729;-295
2021-11-16T22:14:15.606;538359214482465020;-540;734;-302
2021-11-16T22:14:15.626;538359214501974723;-563;727;-282
2021-11-16T22:14:15.645;538359214521484426;-592;711;-147
2021-11-16T22:14:15.665;538359214540994129;-573;677;-142
2021-11-16T22:14:15.684;538359214560503832;-612;658;-245
2021-11-16T22:14:15.704;538359214580013535;-564;638;-364
2021-11-16T22:14:15.723;538359214599523238;-597;600;-376
2021-11-16T22:14:15.743;538359214619032941;-642;565;-438
2021-11-16T22:14:15.762;538359214638542644;-601;563;-316
2021-11-16T22:14:15.782;538359214658052347;-590;641;-344
2021-11-16T22:14:15.801;538359214677562050;-477;705;-661
2021-11-16T22:14:15.821;538359214697071753;-542;653;-793
2021-11-16T22:14:15.840;538359214716581456;-493;719;-765
2021-11-16T22:14:15.860;538359214736091159;-653;754;-277
2021-11-16T22:14:15.880;538359214755600862;-793;746;-36
2021-11-16T22:14:15.899;538359214775110565;-762;748;-240
2021-11-16T22:14:15.919;538359214794620268;-466;839;-513
2021-11-16T22:14:15.938;538359214814129971;-335;917;-631
2021-11-16T22:14:15.958;538359214833639674;-547;773;-452
2021-11-16T22:14:15.977;538359214853149377;-758;556;-138
2021-11-16T22:14:15.997;538359214872659080;-713;600;183
2021-11-16T22:14:16.016;538359214892168783;-635;627;-187
2021-11-16T22:14:16.036;538359214911678486;-520;704;-395
2021-11-16T22:14:16.055;538359214931188189;-488;750;-427
2021-11-16T22:14:16.075;538359214950697892;-506;754;-400
2021-11-16T22:14:16.094;538359214970207595;-496;756;-363
2021-11-16T22:14:16.114;538359214989717298;-490;763;-233
2021-11-16T22:14:16.133;538359215009230675;-534;757;-130
2021-11-16T22:14:16.153;538359215028744018;-512;798;-29
2021-11-16T22:14:16.172;538359215048257361;-469;888;13
2021-11-16T22:14:16.192;538359215067770704;-421;925;34
2021-11-16T22:14:16.211;538359215087284047;-352;995;-12
2021-11-16T22:14:16.231;538359215106797390;-371;1151;30
2021-11-16T22:14:16.250;538359215126310733;-441;1177;93
2021-11-16T22:14:16.270;538359215145824076;-408;1065;-35
2021-11-16T22:14:16.289;538359215165337419;-367;876;-183
2021-11-16T22:14:16.309;538359215184850762;-312;788;-302
2021-11-16T22:14:16.328;538359215204364105;-295;808;-309
2021-11-16T22:14:16.348;538359215223877448;-276;700;-273
2021-11-16T22:14:16.367;538359215243390791;-259;607;-334
2021-11-16T22:14:16.387;538359215262904134;-299;636;-345
2021-11-16T22:14:16.406;538359215282417477;-1838;889;-389
2021-11-16T22:14:16.426;538359215301930820;-463;416;-303
2021-11-16T22:14:16.445;538359215321444163;-693;856;-283
2021-11-16T22:14:16.465;538359215340957506;-568;827;-607
2021-11-16T22:14:16.484;538359215360470849;-507;882;-565
2021-11-16T22:14:16.504;538359215379984192;-691;837;-258
2021-11-16T22:14:16.523;538359215399497535;-861;777;19
2021-11-16T22:14:16.543;538359215419010878;-1074;707;215
2021-11-16T22:14:16.562;538359215438524221;-1201;637;323
2021-11-16T22:14:16.582;538359215458037564;-1108;392;167
2021-11-16T22:14:16.601;538359215477550907;-1122;180;249
2021-11-16T22:14:16.621;538359215497064250;-1042;256;610
2021-11-16T22:14:16.640;538359215516577593;-711;166;1221
2021-11-16T22:14:16.660;538359215536090936;0;202;1513
2021-11-16T22:14:16.680;538359215555604279;493;344;1277
2021-11-16T22:14:16.699;538359215575117622;766;893;1213
2021-11-16T22:14:16.719;538359215594630965;754;1041;904
2021-11-16T22:14:16.738;538359215614144308;405;1017;620
2021-11-16T22:14:16.758;538359215633657651;-40;972;588
2021-11-16T22:14:16.777;538359215653170994;-1287;1428;387
2021-11-16T22:14:16.797;538359215672684337;-1869;32;92
2021-11-16T22:14:16.816;538359215692197680;-171;1042;-602
2021-11-16T22:14:16.836;538359215711707205;-417;918;-431
2021-11-16T22:14:16.855;538359215731216726;-719;830;-469
2021-11-16T22:14:16.875;538359215750726247;-732;854;-549
2021-11-16T22:14:16.894;538359215770235768;-586;834;-482
2021-11-16T22:14:16.914;538359215789745289;-592;842;-499
2021-11-16T22:14:16.933;538359215809254810;-566;918;-550
2021-11-16T22:14:16.953;538359215828764331;-378;1086;-778
2021-11-16T22:14:16.972;538359215848273852;-457;1058;-1448
2021-11-16T22:14:16.992;538359215867783373;-405;1127;-2231
2021-11-16T22:14:17.011;538359215887292894;-176;1299;-3612
2021-11-16T22:14:17.031;538359215906802415;-158;1389;-4933
2021-11-16T22:14:17.050;538359215926311936;-185;1372;-5188
2021-11-16T22:14:17.070;538359215945821457;253;1428;-4339
2021-11-16T22:14:17.089;538359215965330978;278;1183;-3351
2021-11-16T22:14:17.109;538359215984840499;5;1211;-2527
2021-11-16T22:14:17.128;538359216004350020;1180;2017;-1153
2021-11-16T22:14:17.148;538359216023859541;1278;2979;3446
2021-11-16T22:14:17.167;538359216043369062;1480;2782;4449
2021-11-16T22:14:17.187;538359216062878583;-32;1935;4790
2021-11-16T22:14:17.206;538359216082388104;-151;1346;5112
2021-11-16T22:14:17.226;538359216101897625;-172;1105;4962
2021-11-16T22:14:17.245;538359216121407146;-369;1162;3054
2021-11-16T22:14:17.265;538359216140916667;-1017;1073;1956
2021-11-16T22:14:17.284;538359216160426188;-1214;996;1028
2021-11-16T22:14:17.304;538359216179935709;-1221;975;343
2021-11-16T22:14:17.323;538359216199445230;-1108;933;-380
2021-11-16T22:14:17.343;538359216218954751;-928;815;-627
2021-11-16T22:14:17.362;538359216238464272;-877;757;-663
2021-11-16T22:14:17.382;538359216257973793;-729;695;-589
2021-11-16T22:14:17.401;538359216277483314;-499;600;-598
2021-11-16T22:14:17.421;538359216296992835;-409;538;-514
2021-11-16T22:14:17.440;538359216316502356;-340;506;-429
2021-11-16T22:14:17.460;538359216336011877;-271;465;-446
2021-11-16T22:14:17.479;538359216355521398;-283;372;-458
2021-11-16T22:14:17.499;538359216375030919;-312;472;-398
2021-11-16T22:14:17.518;538359216394540440;-433;478;-249
2021-11-16T22:14:17.538;538359216414040888;-482;484;-105
2021-11-16T22:14:17.557;538359216433541306;-428;501;-154
2021-11-16T22:14:17.577;538359216453041724;-382;603;-252
2021-11-16T22:14:17.596;538359216472542142;-365;623;-338
2021-11-16T22:14:17.616;538359216492042560;-399;665;-374
2021-11-16T22:14:17.635;538359216511542978;-415;725;-391
2021-11-16T22:14:17.655;538359216531043396;-421;770;-503
2021-11-16T22:14:17.674;538359216550543814;-409;769;-598
2021-11-16T22:14:17.694;538359216570044232;-435;694;-581
2021-11-16T22:14:17.713;538359216589544650;-490;710;-482
2021-11-16T22:14:17.733;538359216609045068;-522;732;-409
2021-11-16T22:14:17.752;538359216628545486;-536;745;-497
2021-11-16T22:14:17.772;538359216648045904;-526;736;-533
2021-11-16T22:14:17.791;538359216667546322;-522;726;-471
2021-11-16T22:14:17.811;538359216687046740;-550;835;-495
2021-11-16T22:14:17.830;538359216706547158;-553;912;-493
2021-11-16T22:14:17.850;538359216726047576;-528;936;-431
2021-11-16T22:14:17.869;538359216745547994;-539;951;-303
2021-11-16T22:14:17.889;538359216765048412;-522;946;-245
2021-11-16T22:14:17.908;538359216784548830;-508;979;-255
2021-11-16T22:14:17.928;538359216804049248;-509;924;-248
2021-11-16T22:14:17.947;538359216823549666;-562;803;-205
2021-11-16T22:14:17.967;538359216843050084;-655;737;-94
2021-11-16T22:14:17.986;538359216862550502;-747;633;-104
2021-11-16T22:14:18.006;538359216882050920;-787;605;-116
2021-11-16T22:14:18.025;538359216901551338;-807;591;-183
2021-11-16T22:14:18.045;538359216921051756;-781;591;-301
2021-11-16T22:14:18.064;538359216940552174;-764;583;-381
2021-11-16T22:14:18.084;538359216960052592;-748;548;-391
2021-11-16T22:14:18.103;538359216979553010;-767;596;-381
2021-11-16T22:14:18.123;538359216999053428;-750;560;-394
2021-11-16T22:14:18.142;538359217018553846;-676;579;-405
2021-11-16T22:14:18.162;538359217038054264;-587;604;-475
2021-11-16T22:14:18.181;538359217057554682;-521;585;-478
2021-11-16T22:14:18.201;538359217077055100;-493;659;-497
2021-11-16T22:14:18.220;538359217096555518;-476;641;-493
2021-11-16T22:14:18.240;538359217116049761;-444;629;-504
2021-11-16T22:14:18.259;538359217135543990;-408;660;-500
2021-11-16T22:14:18.279;538359217155038219;-383;634;-495
2021-11-16T22:14:18.298;538359217174532448;-378;631;-464
2021-11-16T22:14:18.318;538359217194026677;-390;648;-397
2021-11-16T22:14:18.337;538359217213520906;-392;653;-403
2021-11-16T22:14:18.357;538359217233015135;-410;689;-412
2021-11-16T22:14:18.376;538359217252509364;-398;715;-439
2021-11-16T22:14:18.396;538359217272003593;-398;680;-423
2021-11-16T22:14:18.415;538359217291497822;-398;662;-400
2021-11-16T22:14:18.435;538359217310992051;-395;648;-443
2021-11-16T22:14:18.454;538359217330486280;-399;611;-481
2021-11-16T22:14:18.474;538359217349980509;-389;665;-517
2021-11-16T22:14:18.493;538359217369474738;-397;668;-559
2021-11-16T22:14:18.513;538359217388968967;-432;670;-564
2021-11-16T22:14:18.532;538359217408463196;-494;688;-549
2021-11-16T22:14:18.552;538359217427957425;-532;752;-606
2021-11-16T22:14:18.571;538359217447451654;-595;752;-592
2021-11-16T22:14:18.591;538359217466945883;-693;741;-454
2021-11-16T22:14:18.610;538359217486440112;-776;758;-334
2021-11-16T22:14:18.630;538359217505934341;-823;755;-273
2021-11-16T22:14:18.649;538359217525428570;-841;732;-309
2021-11-16T22:14:18.669;538359217544922799;-868;687;-316
2021-11-16T22:14:18.688;538359217564417028;-875;646;-307
2021-11-16T22:14:18.708;538359217583911257;-862;652;-290
2021-11-16T22:14:18.727;538359217603405486;-837;654;-249
2021-11-16T22:14:18.747;538359217622899715;-813;689;-210
2021-11-16T22:14:18.766;538359217642393944;-784;619;-169
2021-11-16T22:14:18.786;538359217661888173;-719;654;-209
2021-11-16T22:14:18.805;538359217681382402;-641;698;-253
2021-11-16T22:14:18.825;538359217700876631;-657;714;-233
2021-11-16T22:14:18.844;538359217720370860;-739;736;-120
2021-11-16T22:14:18.864;538359217739865089;-826;702;0
2021-11-16T22:14:18.883;538359217759359318;-902;644;146
2021-11-16T22:14:18.903;538359217778853547;-898;593;91
2021-11-16T22:14:18.922;538359217798347776;-828;593;-79
2021-11-16T22:14:18.942;538359217817857483;-714;585;-167
2021-11-16T22:14:18.961;538359217837367186;-521;511;-199
2021-11-16T22:14:18.981;538359217856876889;-312;425;-141
2021-11-16T22:14:19.000;538359217876386592;-152;381;-21
2021-11-16T22:14:19.020;538359217895896295;-100;291;57
2021-11-16T22:14:19.039;538359217915405998;-179;311;190
2021-11-16T22:14:19.059;538359217934915701;-377;504;169
2021-11-16T22:14:19.078;538359217954425404;-543;689;55
2021-11-16T22:14:19.098;538359217973935107;-711;754;72
2021-11-16T22:14:19.117;538359217993444810;-872;810;149
2021-11-16T22:14:19.137;538359218012954513;-924;766;195
2021-11-16T22:14:19.156;538359218032464216;-900;702;228
2021-11-16T22:14:19.176;538359218051973919;-830;690;311
2021-11-16T22:14:19.195;538359218071483622;-797;654;412
2021-11-16T22:14:19.215;538359218090993325;-759;645;387
2021-11-16T22:14:19.234;538359218110503028;-705;651;385
2021-11-16T22:14:19.254;538359218130012731;-632;755;301
2021-11-16T22:14:19.273;538359218149522434;-2370;727;-195
2021-11-16T22:14:19.293;538359218169032137;-847;470;-203
2021-11-16T22:14:19.312;538359218188541840;-532;608;-201
2021-11-16T22:14:19.332;538359218208051543;-1033;547;-723
2021-11-16T22:14:19.351;538359218227561246;-801;620;-918
2021-11-16T22:14:19.371;538359218247070949;-785;665;-945
2021-11-16T22:14:19.390;538359218266580652;-903;561;-449
2021-11-16T22:14:19.410;538359218286090355;-1001;421;292
2021-11-16T22:14:19.430;538359218305600058;-875;480;309
2021-11-16T22:14:19.449;538359218325109761;-756;602;99
2021-11-16T22:14:19.469;538359218344619464;-509;736;59
2021-11-16T22:14:19.488;538359218364129167;-715;668;35
2021-11-16T22:14:19.508;538359218383638870;-551;729;125
2021-11-16T22:14:19.527;538359218403148573;-569;731;124
2021-11-16T22:14:19.547;538359218422658276;-596;652;52
2021-11-16T22:14:19.566;538359218442167979;-677;629;71
2021-11-16T22:14:19.586;538359218461677682;-751;592;138
2021-11-16T22:14:19.605;538359218481187385;-756;622;-36
2021-11-16T22:14:19.625;538359218500697088;-705;651;-335
2021-11-16T22:14:19.644;538359218520207159;-691;766;-647
2021-11-16T22:14:19.664;538359218539717226;-461;891;-1318
2021-11-16T22:14:19.683;538359218559227293;-492;888;-3092
2021-11-16T22:14:19.703;538359218578737360;-598;802;-5639
2021-11-16T22:14:19.722;538359218598247427;-945;923;-5566
2021-11-16T22:14:19.742;538359218617757494;637;764;-2498
2021-11-16T22:14:19.761;538359218637267561;-582;1779;-4553
2021-11-16T22:14:19.781;538359218656777628;1734;2895;-4069
2021-11-16T22:14:19.800;538359218676287695;2075;3963;-249
2021-11-16T22:14:19.820;538359218695797762;2056;4044;4298
2021-11-16T22:14:19.839;538359218715307829;-1451;3155;6083
2021-11-16T22:14:19.859;538359218734817896;-4124;1434;4352
2021-11-16T22:14:19.878;538359218754327963;-3618;1154;5106
2021-11-16T22:14:19.898;538359218773838030;-2205;988;2337
2021-11-16T22:14:19.917;538359218793348097;-1068;972;787
2021-11-16T22:14:19.937;538359218812858164;-740;1039;298
2021-11-16T22:14:19.956;538359218832368231;-792;1090;-335
2021-11-16T22:14:19.976;538359218851878298;-808;975;-941
2021-11-16T22:14:19.995;538359218871388365;-645;829;-1360
2021-11-16T22:14:20.015;538359218890898432;-742;788;-1114
2021-11-16T22:14:20.034;538359218910408499;-844;819;-740
2021-11-16T22:14:20.054;538359218929918566;-909;860;-512
2021-11-16T22:14:20.073;538359218949428633;-778;851;-578
2021-11-16T22:14:20.093;538359218968938700;-556;763;-616
2021-11-16T22:14:20.112;538359218988448767;-404;721;-604
2021-11-16T22:14:20.132;538359219007958834;-292;734;-510
2021-11-16T22:14:20.151;538359219027468901;-224;693;-503
2021-11-16T22:14:20.171;538359219046978968;-193;615;-508
2021-11-16T22:14:20.190;538359219066489035;-147;591;-531
2021-11-16T22:14:20.210;538359219085999102;-139;608;-526
2021-11-16T22:14:20.229;538359219105509169;-188;612;-485
2021-11-16T22:14:20.249;538359219125019236;-213;617;-446
2021-11-16T22:14:20.268;538359219144529303;-219;606;-443
2021-11-16T22:14:20.288;538359219164039370;-257;591;-412
2021-11-16T22:14:20.307;538359219183549437;-281;601;-407
2021-11-16T22:14:20.327;538359219203059504;-330;618;-413
2021-11-16T22:14:20.346;538359219222566310;-419;640;-438
2021-11-16T22:14:20.366;538359219242073100;-490;642;-400
2021-11-16T22:14:20.385;538359219261579890;-512;646;-422
2021-11-16T22:14:20.405;538359219281086680;-553;652;-414
2021-11-16T22:14:20.425;538359219300593470;-546;718;-450
2021-11-16T22:14:20.444;538359219320100260;-533;734;-485
2021-11-16T22:14:20.464;538359219339607050;-518;753;-490
2021-11-16T22:14:20.483;538359219359113840;-521;746;-482
2021-11-16T22:14:20.503;538359219378620630;-530;742;-454
2021-11-16T22:14:20.522;538359219398127420;-531;699;-415
2021-11-16T22:14:20.542;538359219417634210;-549;676;-407
2021-11-16T22:14:20.561;538359219437141000;-563;613;-365
2021-11-16T22:14:20.581;538359219456647790;-588;609;-286
2021-11-16T22:14:20.600;538359219476154580;-622;587;-235
2021-11-16T22:14:20.620;538359219495661370;-646;507;-185
2021-11-16T22:14:20.639;538359219515168160;-647;507;-178
2021-11-16T22:14:20.659;538359219534674950;-669;528;-182
2021-11-16T22:14:20.678;538359219554181740;-651;507;-255
2021-11-16T22:14:20.698;538359219573688530;-628;496;-276
2021-11-16T22:14:20.717;538359219593195320;-618;506;-303
2021-11-16T22:14:20.737;538359219612702110;-625;490;-326
2021-11-16T22:14:20.756;538359219632208900;-650;489;-349
2021-11-16T22:14:20.776;538359219651715690;-694;477;-383
2021-11-16T22:14:20.795;538359219671222480;-715;470;-407
2021-11-16T22:14:20.815;538359219690729270;-712;479;-473
2021-11-16T22:14:20.834;538359219710236060;-680;487;-504
2021-11-16T22:14:20.854;538359219729742850;-665;487;-517
2021-11-16T22:14:20.873;538359219749249640;-698;468;-504
2021-11-16T22:14:20.893;538359219768756430;-734;489;-521
2021-11-16T22:14:20.912;538359219788263220;-768;500;-530
2021-11-16T22:14:20.932;538359219807770010;-762;530;-514
2021-11-16T22:14:20.951;538359219827276800;-797;547;-438
2021-11-16T22:14:20.971;538359219846783590;-779;547;-396
2021-11-16T22:14:20.990;538359219866290380;-768;548;-373
2021-11-16T22:14:21.010;538359219885797170;-733;576;-319
2021-11-16T22:14:21.029;538359219905303960;-669;604;-331
2021-11-16T22:14:21.049;538359219924814403;-610;633;-368
2021-11-16T22:14:21.068;538359219944324834;-557;694;-393
2021-11-16T22:14:21.088;538359219963835265;-502;740;-442
2021-11-16T22:14:21.107;538359219983345696;-459;828;-480
2021-11-16T22:14:21.127;538359220002856127;-389;834;-496
2021-11-16T22:14:21.146;538359220022366558;-402;914;-475
2021-11-16T22:14:21.166;538359220041876989;-450;910;-421
2021-11-16T22:14:21.185;538359220061387420;-494;766;-325
2021-11-16T22:14:21.205;538359220080897851;-517;617;-206
2021-11-16T22:14:21.224;538359220100408282;-473;664;-341
2021-11-16T22:14:21.244;538359220119918713;-342;786;-558
2021-11-16T22:14:21.263;538359220139429144;-254;774;-540
2021-11-16T22:14:21.283;538359220158939575;-292;705;-510
2021-11-16T22:14:21.302;538359220178450006;-426;664;-508
2021-11-16T22:14:21.322;538359220197960437;-570;483;-533
2021-11-16T22:14:21.341;538359220217470868;-756;373;-464
2021-11-16T22:14:21.361;538359220236981299;-902;304;-351
2021-11-16T22:14:21.380;538359220256491730;-937;321;-327
2021-11-16T22:14:21.400;538359220276002161;-894;372;-438
2021-11-16T22:14:21.419;538359220295512592;-858;355;-502
2021-11-16T22:14:21.439;538359220315023023;-895;387;-498
2021-11-16T22:14:21.458;538359220334533454;-960;422;-364
2021-11-16T22:14:21.478;538359220354043885;-1010;486;-321
2021-11-16T22:14:21.497;538359220373554316;-1025;542;-259
2021-11-16T22:14:21.517;538359220393064747;-1005;569;-334
2021-11-16T22:14:21.536;538359220412575178;-970;526;-397
2021-11-16T22:14:21.556;538359220432085609;-899;488;-393
2021-11-16T22:14:21.576;538359220451596040;-862;483;-308
2021-11-16T22:14:21.595;538359220471106471;-858;485;-218
2021-11-16T22:14:21.615;538359220490616902;-878;535;-145
2021-11-16T22:14:21.634;538359220510127333;-902;603;-35
2021-11-16T22:14:21.654;538359220529637764;-893;626;23
2021-11-16T22:14:21.673;538359220549148195;-845;692;-21
2021-11-16T22:14:21.693;538359220568658626;-782;648;-61
2021-11-16T22:14:21.712;538359220588169057;-775;627;-59
2021-11-16T22:14:21.732;538359220607679488;-776;625;-97
2021-11-16T22:14:21.751;538359220627186290;-770;613;-77
2021-11-16T22:14:21.771;538359220646693080;-729;656;-74
2021-11-16T22:14:21.790;538359220666199870;-629;740;-71
2021-11-16T22:14:21.810;538359220685706660;-524;780;40
2021-11-16T22:14:21.829;538359220705213450;-479;779;169
2021-11-16T22:14:21.849;538359220724720240;-456;760;241
2021-11-16T22:14:21.868;538359220744227030;-451;755;241
2021-11-16T22:14:21.888;538359220763733820;-442;764;209
2021-11-16T22:14:21.907;538359220783240610;-422;842;154
2021-11-16T22:14:21.927;538359220802747400;-1847;1066;-132
2021-11-16T22:14:21.946;538359220822254190;-1382;98;-122
2021-11-16T22:14:21.966;538359220841760980;-365;898;-10
2021-11-16T22:14:21.985;538359220861267770;-581;755;317
2021-11-16T22:14:22.005;538359220880774560;-886;667;284
2021-11-16T22:14:22.024;538359220900281350;-538;758;347
2021-11-16T22:14:22.044;538359220919788140;-613;795;207
2021-11-16T22:14:22.063;538359220939294930;-622;732;168
2021-11-16T22:14:22.083;538359220958801720;-511;794;150
2021-11-16T22:14:22.102;538359220978308510;-401;915;154
2021-11-16T22:14:22.122;538359220997815300;-202;1005;-230
2021-11-16T22:14:22.141;538359221017322090;-429;822;-390
2021-11-16T22:14:22.161;538359221036828880;-519;812;-1021
2021-11-16T22:14:22.180;538359221056335670;-313;958;-1604
2021-11-16T22:14:22.200;538359221075842460;-343;947;-2887
2021-11-16T22:14:22.219;538359221095349250;-218;893;-4375
2021-11-16T22:14:22.239;538359221114856040;-237;977;-5458
2021-11-16T22:14:22.258;538359221134362830;-153;1071;-5631
2021-11-16T22:14:22.278;538359221153869620;552;1461;-5850
2021-11-16T22:14:22.297;538359221173376410;1587;2332;-5801
2021-11-16T22:14:22.317;538359221192883200;2434;3541;-4024
2021-11-16T22:14:22.336;538359221212389990;-688;1673;-3445
2021-11-16T22:14:22.356;538359221231896780;3044;3072;-2673
2021-11-16T22:14:22.375;538359221251403570;533;3853;2275
2021-11-16T22:14:22.395;538359221270910360;268;3387;4273
2021-11-16T22:14:22.414;538359221290417150;-1544;2628;5647
2021-11-16T22:14:22.434;538359221309923940;-2527;1791;6162
2021-11-16T22:14:22.453;538359221329431114;-2185;1415;4823
2021-11-16T22:14:22.473;538359221348938268;-1303;1146;2287
2021-11-16T22:14:22.492;538359221368445422;-866;1112;1152
2021-11-16T22:14:22.512;538359221387952576;-500;1155;719
2021-11-16T22:14:22.531;538359221407459730;-396;1189;399
2021-11-16T22:14:22.551;538359221426966884;-373;1117;157
2021-11-16T22:14:22.570;538359221446474038;-502;1046;-184
2021-11-16T22:14:22.590;538359221465981192;-604;964;-428
2021-11-16T22:14:22.609;538359221485488346;-522;973;-690
2021-11-16T22:14:22.629;538359221504995500;-497;896;-777
2021-11-16T22:14:22.648;538359221524502654;-496;863;-772
2021-11-16T22:14:22.668;538359221544009808;-599;805;-617
2021-11-16T22:14:22.687;538359221563516962;-582;779;-643
2021-11-16T22:14:22.707;538359221583024116;-561;753;-748
2021-11-16T22:14:22.726;538359221602531270;-548;716;-753
2021-11-16T22:14:22.746;538359221622038424;-531;654;-686
2021-11-16T22:14:22.765;538359221641545578;-510;638;-763
2021-11-16T22:14:22.785;538359221661052732;-517;633;-747
2021-11-16T22:14:22.804;538359221680559886;-521;647;-775
2021-11-16T22:14:22.824;538359221700067040;-522;627;-763
2021-11-16T22:14:22.843;538359221719574194;-560;652;-737
2021-11-16T22:14:22.863;538359221739081348;-568;680;-749
2021-11-16T22:14:22.883;538359221758588502;-582;707;-703
2021-11-16T22:14:22.902;538359221778095656;-564;734;-726
2021-11-16T22:14:22.922;538359221797602810;-553;741;-664
2021-11-16T22:14:22.941;538359221817109964;-536;759;-626
2021-11-16T22:14:22.961;538359221836617118;-511;803;-627
2021-11-16T22:14:22.980;538359221856124272;-479;835;-617
2021-11-16T22:14:23.000;538359221875631426;-454;877;-523
2021-11-16T22:14:23.019;538359221895138580;-434;870;-458
2021-11-16T22:14:23.039;538359221914645734;-404;872;-397
2021-11-16T22:14:23.058;538359221934152888;-377;844;-327
2021-11-16T22:14:23.078;538359221953660042;-324;798;-261
2021-11-16T22:14:23.097;538359221973167196;-292;756;-182
2021-11-16T22:14:23.117;538359221992674350;-311;696;-68
2021-11-16T22:14:23.136;538359222012181504;-355;624;5
2021-11-16T22:14:23.156;538359222031690138;-396;602;39
2021-11-16T22:14:23.175;538359222051198748;-444;574;30
2021-11-16T22:14:23.195;538359222070707358;-498;535;29
2021-11-16T22:14:23.214;538359222090215968;-553;500;38
2021-11-16T22:14:23.234;538359222109724578;-621;487;75
2021-11-16T22:14:23.253;538359222129233188;-636;484;92
2021-11-16T22:14:23.273;538359222148741798;-643;488;81
2021-11-16T22:14:23.292;538359222168250408;-642;488;68
2021-11-16T22:14:23.312;538359222187759018;-674;481;92
2021-11-16T22:14:23.331;538359222207267628;-719;485;124
2021-11-16T22:14:23.351;538359222226776238;-770;506;179
2021-11-16T22:14:23.370;538359222246284848;-763;538;157
2021-11-16T22:14:23.390;538359222265793458;-774;564;101
2021-11-16T22:14:23.409;538359222285302068;-803;551;104
2021-11-16T22:14:23.429;538359222304810678;-823;575;118
2021-11-16T22:14:23.448;538359222324319288;-815;570;129
2021-11-16T22:14:23.468;538359222343827898;-778;603;108
2021-11-16T22:14:23.487;538359222363336508;-732;631;78
2021-11-16T22:14:23.507;538359222382845118;-654;716;48
2021-11-16T22:14:23.526;538359222402353728;-589;762;2
2021-11-16T22:14:23.546;538359222421862338;-525;814;-49
2021-11-16T22:14:23.565;538359222441370948;-502;877;-89
2021-11-16T22:14:23.585;538359222460879558;-478;898;-104
2021-11-16T22:14:23.604;538359222480388168;-480;926;-96
2021-11-16T22:14:23.624;538359222499896778;-502;956;-5
2021-11-16T22:14:23.643;538359222519405388;-525;955;21
2021-11-16T22:14:23.663;538359222538913998;-573;963;-25
2021-11-16T22:14:23.682;538359222558422608;-627;995;-136
2021-11-16T22:14:23.702;538359222577931218;-655;983;-124
2021-11-16T22:14:23.721;538359222597439828;-721;941;-34
2021-11-16T22:14:23.741;538359222616948438;-752;858;31
2021-11-16T22:14:23.760;538359222636457048;-3203;1075;-830
2021-11-16T22:14:23.780;538359222655965658;-638;38;281
2021-11-16T22:14:23.799;538359222675474268;-443;997;239
2021-11-16T22:14:23.819;538359222694982878;-221;776;374
2021-11-16T22:14:23.838;538359222714491488;-809;860;264
2021-11-16T22:14:23.858;538359222734002485;-477;861;485
2021-11-16T22:14:23.877;538359222753513462;-544;874;494
2021-11-16T22:14:23.897;538359222773024439;-418;895;484
2021-11-16T22:14:23.916;538359222792535416;-254;929;334
2021-11-16T22:14:23.936;538359222812046393;-406;961;2
2021-11-16T22:14:23.955;538359222831557370;-332;946;38
2021-11-16T22:14:23.975;538359222851068347;-105;1105;-362
2021-11-16T22:14:23.994;538359222870579324;-163;1180;-909
2021-11-16T22:14:24.014;538359222890090301;-117;1347;-1511
2021-11-16T22:14:24.034;538359222909601278;-303;1333;-3038
2021-11-16T22:14:24.053;538359222929112255;-523;1095;-5147
2021-11-16T22:14:24.073;538359222948623232;-901;1001;-6575
2021-11-16T22:14:24.092;538359222968134209;-763;1270;-7402
2021-11-16T22:14:24.112;538359222987645186;-337;1885;-7294
2021-11-16T22:14:24.131;538359223007156163;1165;3108;-7067
2021-11-16T22:14:24.151;538359223026667140;269;2772;-5356
2021-11-16T22:14:24.170;538359223046178117;1663;3448;-3929
2021-11-16T22:14:24.190;538359223065689094;2174;5390;1018
2021-11-16T22:14:24.209;538359223085200071;-313;5088;6318
2021-11-16T22:14:24.229;538359223104711048;-1201;3197;7977
2021-11-16T22:14:24.248;538359223124222025;-1840;1928;7148
2021-11-16T22:14:24.268;538359223143733002;-2605;1172;4447
2021-11-16T22:14:24.287;538359223163243979;-2870;910;2313
2021-11-16T22:14:24.307;538359223182754956;-2601;903;843
2021-11-16T22:14:24.326;538359223202265933;-2051;983;183
2021-11-16T22:14:24.346;538359223221776910;-1353;989;-157
2021-11-16T22:14:24.365;538359223241287887;-829;973;-287
2021-11-16T22:14:24.385;538359223260798864;-592;906;-319
2021-11-16T22:14:24.404;538359223280309841;-519;883;-125
2021-11-16T22:14:24.424;538359223299820818;-563;853;31
2021-11-16T22:14:24.443;538359223319331795;-542;795;130
2021-11-16T22:14:24.463;538359223338842772;-457;777;31
2021-11-16T22:14:24.482;538359223358353749;-416;748;83
2021-11-16T22:14:24.502;538359223377864726;-393;719;225
2021-11-16T22:14:24.521;538359223397375703;-338;675;241
2021-11-16T22:14:24.541;538359223416886680;-296;637;190
2021-11-16T22:14:24.560;538359223436397123;-280;643;26
2021-11-16T22:14:24.580;538359223455907554;-332;623;-34
2021-11-16T22:14:24.599;538359223475417985;-424;624;22
2021-11-16T22:14:24.619;538359223494928416;-486;611;16
2021-11-16T22:14:24.638;538359223514438847;-501;572;-34
2021-11-16T22:14:24.658;538359223533949278;-464;569;-320
2021-11-16T22:14:24.677;538359223553459709;-475;584;-463
2021-11-16T22:14:24.697;538359223572970140;-529;630;-460
2021-11-16T22:14:24.716;538359223592480571;-591;623;-499
2021-11-16T22:14:24.736;538359223611991002;-651;582;-498
2021-11-16T22:14:24.755;538359223631501433;-703;578;-511
2021-11-16T22:14:24.775;538359223651011864;-732;540;-566
2021-11-16T22:14:24.794;538359223670522295;-769;507;-571
2021-11-16T22:14:24.814;538359223690032726;-784;499;-644
2021-11-16T22:14:24.833;538359223709543157;-819;506;-616
2021-11-16T22:14:24.853;538359223729053588;-831;532;-645
2021-11-16T22:14:24.872;538359223748564019;-809;605;-765
2021-11-16T22:14:24.892;538359223768074450;-768;693;-713
2021-11-16T22:14:24.912;538359223787584881;-718;746;-735
2021-11-16T22:14:24.931;538359223807095312;-644;648;-649
2021-11-16T22:14:24.951;538359223826605743;-558;579;-612
2021-11-16T22:14:24.970;538359223846116174;-527;551;-543
2021-11-16T22:14:24.990;538359223865626605;-523;598;-505
2021-11-16T22:14:25.009;538359223885137036;-542;658;-443
2021-11-16T22:14:25.029;538359223904647467;-572;705;-400
2021-11-16T22:14:25.048;538359223924157898;-592;717;-343
2021-11-16T22:14:25.068;538359223943668329;-608;669;-274
2021-11-16T22:14:25.087;538359223963178760;-572;615;-253
2021-11-16T22:14:25.107;538359223982689191;-562;574;-248
2021-11-16T22:14:25.126;538359224002199622;-541;525;-240
2021-11-16T22:14:25.146;538359224021710053;-529;507;-256
2021-11-16T22:14:25.165;538359224041220484;-532;496;-261
2021-11-16T22:14:25.185;538359224060730915;-539;496;-266
2021-11-16T22:14:25.204;538359224080241346;-545;508;-275
2021-11-16T22:14:25.224;538359224099751777;-573;562;-341
2021-11-16T22:14:25.243;538359224119262208;-584;545;-404
2021-11-16T22:14:25.263;538359224138776836;-613;578;-469
2021-11-16T22:14:25.282;538359224158291454;-635;573;-494
2021-11-16T22:14:25.302;538359224177806072;-678;605;-504
2021-11-16T22:14:25.321;538359224197320690;-723;599;-518
2021-11-16T22:14:25.341;538359224216835308;-745;606;-525
2021-11-16T22:14:25.360;538359224236349926;-766;613;-575
2021-11-16T22:14:25.380;538359224255864544;-772;617;-590
2021-11-16T22:14:25.399;538359224275379162;-772;611;-535
2021-11-16T22:14:25.419;538359224294893780;-773;609;-455
2021-11-16T22:14:25.438;538359224314408398;-770;610;-416
2021-11-16T22:14:25.458;538359224333923016;-751;617;-391
2021-11-16T22:14:25.477;538359224353437634;-743;655;-366
2021-11-16T22:14:25.497;538359224372952252;-753;686;-297
2021-11-16T22:14:25.516;538359224392466870;-734;714;-238
2021-11-16T22:14:25.536;538359224411981488;-694;740;-173
2021-11-16T22:14:25.555;538359224431496106;-650;754;-137
2021-11-16T22:14:25.575;538359224451010724;-657;752;-54
2021-11-16T22:14:25.594;538359224470525342;-681;750;15
2021-11-16T22:14:25.614;538359224490039960;-680;758;87
2021-11-16T22:14:25.633;538359224509554578;-653;758;132
2021-11-16T22:14:25.653;538359224529069196;-612;777;77
2021-11-16T22:14:25.673;538359224548583814;-624;812;163
2021-11-16T22:14:25.692;538359224568098432;-558;852;51
2021-11-16T22:14:25.712;538359224587613050;-528;836;74
2021-11-16T22:14:25.731;538359224607127668;-507;817;50
2021-11-16T22:14:25.751;538359224626642286;-509;781;65
2021-11-16T22:14:25.770;538359224646156904;-556;759;114
2021-11-16T22:14:25.790;538359224665671522;-584;762;104
2021-11-16T22:14:25.809;538359224685186140;-554;753;67
2021-11-16T22:14:25.829;538359224704700758;-463;783;-1
2021-11-16T22:14:25.848;538359224724215376;-388;762;18
2021-11-16T22:14:25.868;538359224743729994;-328;749;-24
2021-11-16T22:14:25.887;538359224763244612;-297;669;-113
2021-11-16T22:14:25.907;538359224782759230;-343;686;-172
2021-11-16T22:14:25.926;538359224802273848;-441;724;-153
2021-11-16T22:14:25.946;538359224821788466;-503;746;-164
2021-11-16T22:14:25.965;538359224841301479;-441;739;-239
2021-11-16T22:14:25.985;538359224860814458;-352;785;-247
2021-11-16T22:14:26.004;538359224880327437;-438;842;-41
2021-11-16T22:14:26.024;538359224899840416;-500;844;69
2021-11-16T22:14:26.043;538359224919353395;-517;876;80
2021-11-16T22:14:26.063;538359224938866374;-507;931;40
2021-11-16T22:14:26.082;538359224958379353;-602;942;87
2021-11-16T22:14:26.102;538359224977892332;-742;1007;121
2021-11-16T22:14:26.121;538359224997405311;-756;948;160
2021-11-16T22:14:26.141;538359225016918290;-705;897;161
2021-11-16T22:14:26.160;538359225036431269;-2981;827;162
2021-11-16T22:14:26.180;538359225055944248;-173;591;-50
2021-11-16T22:14:26.199;538359225075457227;-502;745;-213
2021-11-16T22:14:26.219;538359225094970206;-716;623;-51
2021-11-16T22:14:26.238;538359225114483185;-640;603;-111
2021-11-16T22:14:26.258;538359225133996164;-857;634;-226
2021-11-16T22:14:26.277;538359225153509143;-804;594;-207
2021-11-16T22:14:26.297;538359225173022122;-787;654;-128
2021-11-16T22:14:26.316;538359225192535101;-824;652;-279
2021-11-16T22:14:26.336;538359225212048080;-814;667;-520
2021-11-16T22:14:26.355;538359225231561059;-816;664;-760
2021-11-16T22:14:26.375;538359225251074038;-837;740;-1385
2021-11-16T22:14:26.395;538359225270587017;-776;787;-2112
2021-11-16T22:14:26.414;538359225290099996;-858;711;-3531
2021-11-16T22:14:26.434;538359225309612975;-827;632;-5478
2021-11-16T22:14:26.453;538359225329125954;-871;815;-5651
2021-11-16T22:14:26.473;538359225348638933;-189;1347;-4405
2021-11-16T22:14:26.492;538359225368151912;283;2563;-4285
2021-11-16T22:14:26.512;538359225387664891;794;673;-2869
2021-11-16T22:14:26.531;538359225407177870;1255;3431;-2100
2021-11-16T22:14:26.551;538359225426690849;463;3208;597
2021-11-16T22:14:26.570;538359225446203828;-117;2806;2366
2021-11-16T22:14:26.590;538359225465716807;-507;2407;3020
2021-11-16T22:14:26.609;538359225485229786;-869;2016;3196
2021-11-16T22:14:26.629;538359225504742765;-1058;1704;2908
2021-11-16T22:14:26.648;538359225524255744;-1249;1480;2374
2021-11-16T22:14:26.668;538359225543768751;-1521;1297;1990
2021-11-16T22:14:26.687;538359225563281730;-1628;1189;1609
2021-11-16T22:14:26.707;538359225582794709;-1668;1134;1367
2021-11-16T22:14:26.726;538359225602307688;-1545;1001;905
2021-11-16T22:14:26.746;538359225621820667;-1340;932;460
2021-11-16T22:14:26.765;538359225641333646;-1136;823;245
2021-11-16T22:14:26.785;538359225660846625;-1008;803;257
2021-11-16T22:14:26.804;538359225680359604;-809;796;193
2021-11-16T22:14:26.824;538359225699872583;-831;716;238
2021-11-16T22:14:26.843;538359225719385562;-756;685;99
2021-11-16T22:14:26.863;538359225738898541;-737;652;68
2021-11-16T22:14:26.882;538359225758411520;-700;612;101
2021-11-16T22:14:26.902;538359225777924499;-654;613;32
2021-11-16T22:14:26.921;538359225797437478;-637;570;-49
2021-11-16T22:14:26.941;538359225816950457;-657;542;-28
2021-11-16T22:14:26.960;538359225836463436;-686;548;-60
2021-11-16T22:14:26.980;538359225855976415;-664;580;-138
2021-11-16T22:14:26.999;538359225875489394;-631;613;-232
2021-11-16T22:14:27.019;538359225895002373;-617;560;-277
2021-11-16T22:14:27.038;538359225914515352;-636;607;-266
2021-11-16T22:14:27.058;538359225934028331;-670;663;-249
2021-11-16T22:14:27.077;538359225953541310;-674;645;-260
2021-11-16T22:14:27.097;538359225973054289;-670;641;-268
2021-11-16T22:14:27.116;538359225992567268;-645;663;-281
2021-11-16T22:14:27.136;538359226012080247;-628;651;-307
2021-11-16T22:14:27.156;538359226031593226;-615;642;-308
2021-11-16T22:14:27.175;538359226051106205;-595;622;-294
2021-11-16T22:14:27.195;538359226070619184;-574;612;-314
2021-11-16T22:14:27.214;538359226090132163;-567;608;-295
2021-11-16T22:14:27.234;538359226109645142;-563;609;-255
2021-11-16T22:14:27.253;538359226129158121;-539;612;-236
2021-11-16T22:14:27.273;538359226148671100;-508;587;-246
2021-11-16T22:14:27.292;538359226168184079;-500;568;-253
2021-11-16T22:14:27.312;538359226187697058;-505;565;-243
2021-11-16T22:14:27.331;538359226207210037;-505;558;-261
2021-11-16T22:14:27.351;538359226226723016;-502;530;-351
2021-11-16T22:14:27.370;538359226246236914;-508;546;-386
2021-11-16T22:14:27.390;538359226265750804;-505;539;-412
2021-11-16T22:14:27.409;538359226285264694;-503;522;-452
2021-11-16T22:14:27.429;538359226304778584;-512;517;-493
2021-11-16T22:14:27.448;538359226324292474;-548;472;-496
2021-11-16T22:14:27.468;538359226343806364;-598;402;-570
2021-11-16T22:14:27.487;538359226363320254;-656;526;-570
2021-11-16T22:14:27.507;538359226382834144;-703;543;-575
2021-11-16T22:14:27.526;538359226402348034;-725;572;-620
2021-11-16T22:14:27.546;538359226421861924;-703;615;-761
2021-11-16T22:14:27.565;538359226441375814;-706;625;-800
2021-11-16T22:14:27.585;538359226460889704;-703;691;-903
2021-11-16T22:14:27.604;538359226480403594;-748;713;-875
2021-11-16T22:14:27.624;538359226499917484;-754;711;-956
2021-11-16T22:14:27.643;538359226519431374;-763;726;-1018
2021-11-16T22:14:27.663;538359226538945264;-771;739;-1049
2021-11-16T22:14:27.682;538359226558459154;-776;783;-1011
2021-11-16T22:14:27.702;538359226577973044;-798;843;-975
2021-11-16T22:14:27.721;538359226597486934;-840;882;-852
2021-11-16T22:14:27.741;538359226617000824;-815;894;-908
2021-11-16T22:14:27.760;538359226636514714;-720;956;-1004
2021-11-16T22:14:27.780;538359226656028604;-579;964;-1003
2021-11-16T22:14:27.799;538359226675542494;-523;985;-822
2021-11-16T22:14:27.819;538359226695056384;-470;958;-640
2021-11-16T22:14:27.838;538359226714570274;-419;849;-527
2021-11-16T22:14:27.858;538359226734084164;-379;781;-466
2021-11-16T22:14:27.878;538359226753598054;-302;670;-470
2021-11-16T22:14:27.897;538359226773111944;-285;563;-406
2021-11-16T22:14:27.917;538359226792625834;-281;484;-305
2021-11-16T22:14:27.936;538359226812139724;-324;409;-128
2021-11-16T22:14:27.956;538359226831653614;-349;310;43
2021-11-16T22:14:27.975;538359226851167504;-381;216;209
2021-11-16T22:14:27.995;538359226870681394;-447;72;281
2021-11-16T22:14:28.014;538359226890195284;-953;-177;47
2021-11-16T22:14:28.034;538359226909709174;-890;223;105
2021-11-16T22:14:28.053;538359226929223064;-1010;479;-41
2021-11-16T22:14:28.073;538359226948737138;-1033;528;-105
2021-11-16T22:14:28.092;538359226968251210;-955;487;-146
2021-11-16T22:14:28.112;538359226987765282;-948;589;-164
2021-11-16T22:14:28.131;538359227007279354;-962;771;21
2021-11-16T22:14:28.151;538359227026793426;-908;815;242
2021-11-16T22:14:28.170;538359227046307498;-819;730;366
2021-11-16T22:14:28.190;538359227065821570;-687;621;464
2021-11-16T22:14:28.209;538359227085335642;-644;459;513
2021-11-16T22:14:28.229;538359227104849714;-704;433;540
2021-11-16T22:14:28.248;538359227124363786;-679;424;486
2021-11-16T22:14:28.268;538359227143877858;-567;403;408
2021-11-16T22:14:28.287;538359227163391930;-560;164;572
2021-11-16T22:14:28.307;538359227182906002;-573;221;623
2021-11-16T22:14:28.326;538359227202420074;-634;240;657
2021-11-16T22:14:28.346;538359227221934146;-691;226;800
2021-11-16T22:14:28.365;538359227241448218;-743;269;802
2021-11-16T22:14:28.385;538359227260962290;-819;240;729
2021-11-16T22:14:28.404;538359227280476362;-973;297;615
2021-11-16T22:14:28.424;538359227299990434;-1159;313;512
2021-11-16T22:14:28.443;538359227319504506;-1310;328;462
2021-11-16T22:14:28.463;538359227339018578;-1394;282;369
2021-11-16T22:14:28.482;538359227358532650;-1392;333;291
2021-11-16T22:14:28.502;538359227378046722;-1294;388;228
2021-11-16T22:14:28.521;538359227397560794;-1198;429;165
2021-11-16T22:14:28.541;538359227417074866;-1101;450;202
2021-11-16T22:14:28.561;538359227436588938;-1044;406;231
2021-11-16T22:14:28.580;538359227456103010;-998;335;220
2021-11-16T22:14:28.600;538359227475617082;-1008;226;149
2021-11-16T22:14:28.619;538359227495131154;-1021;167;22
2021-11-16T22:14:28.639;538359227514645226;-1074;234;27
2021-11-16T22:14:28.658;538359227534159298;-1127;259;91
2021-11-16T22:14:28.678;538359227553673370;-1186;370;200
2021-11-16T22:14:28.697;538359227573187442;-1188;359;174
2021-11-16T22:14:28.717;538359227592701514;-1128;256;101
2021-11-16T22:14:28.736;538359227612215586;-1062;221;97
2021-11-16T22:14:28.756;538359227631729658;-1021;157;104
